90 29
5 2
1 3
2 1
3 2
4 2
2 2
5 1
1 4
1 1
2 4
2 4
4 2
3 5
1 4
2 2
2 5
4 4
5 5
4 4
2 5
4 1
5 1
3 2
4 2
1 3
1 3
1 4
4 3
2 1
4 5
1 2
5 1
2 5
5 2
3 3
2 4
4 5
3 2
5 4
3 4
3 3
5 3
3 1
5 1
5 4
5 5
1 2
1 3
3 4
2 4
3 5
4 5
4 5
3 4
2 4
5 5
4 5
5 4
5 5
3 1
3 1
2 2
5 5
1 2
3 5
5 2
2 2
4 4
1 3
1 2
5 1
5 4
2 3
5 3
4 3
3 5
4 2
4 2
4 2
1 4
4 4
5 2
1 3
1 2
5 5
4 2
4 5
2 4
4 1
1 3
10 9 750
5 9 100
10 8 350
13 7 900
7 6 400
11 7 100
10 8 300
15 13 100
7 7 150
13 12 850
8 4 450
8 7 500
8 7 100
4 9 150
5 12 550
13 11 300
13 7 150
14 14 550
8 5 450
9 11 900
6 4 600
7 7 500
9 9 450
8 8 850
20 3 650
9 2 900
18 18 300
16 15 350
22 9 300
