120 44
5 4
1 5
1 4
1 2
3 1
2 4
3 3
3 5
5 5
3 2
1 2
4 5
4 2
4 2
3 4
1 4
4 1
3 5
4 5
1 4
3 5
2 3
3 4
1 2
1 1
4 3
1 5
5 4
5 1
3 5
3 5
2 1
4 3
4 3
1 2
2 5
4 2
1 1
5 4
4 3
4 4
1 5
2 4
2 4
4 5
3 4
4 4
1 5
1 4
1 4
1 1
4 5
3 3
4 2
4 2
2 5
3 4
3 2
2 5
1 4
2 1
2 3
5 5
2 1
1 4
2 1
3 4
3 4
1 1
3 2
2 5
3 4
1 2
5 1
5 1
2 5
5 3
1 1
3 4
4 4
3 5
5 3
1 2
2 1
3 4
5 4
5 3
1 3
3 5
1 1
5 5
2 4
3 3
4 1
3 3
3 5
3 5
1 5
2 4
5 1
5 4
5 5
3 2
4 4
3 4
5 3
5 3
1 1
4 1
4 2
4 3
5 5
2 2
5 5
5 3
1 3
5 5
3 3
2 4
5 1
10 7 750
7 7 800
7 4 1000
6 5 400
8 13 950
9 7 150
6 7 250
11 6 200
9 6 100
5 9 350
5 6 1000
9 11 300
6 6 800
10 20 950
5 11 850
7 7 950
6 8 700
7 6 400
1 6 300
5 6 1000
13 6 250
6 6 800
6 15 600
8 5 550
6 11 450
16 13 600
5 5 150
7 5 200
6 7 900
8 10 1000
7 3 700
5 5 200
7 13 350
7 11 850
10 14 400
4 10 650
16 17 250
9 23 100
7 2 400
2 11 1000
3 24 450
15 20 700
3 23 900
1 15 350
