150 53
3 4
4 1
2 1
5 2
5 2
3 1
5 5
3 5
4 4
3 4
2 4
5 2
4 2
2 5
4 2
2 3
2 2
5 1
3 1
1 2
4 2
2 3
5 2
2 3
3 4
4 4
1 2
2 4
4 1
2 2
5 4
4 2
1 5
5 1
4 2
2 2
5 4
3 1
3 2
5 1
5 5
1 4
2 3
1 3
4 3
1 5
1 4
2 4
3 2
3 1
5 3
5 1
1 4
3 1
4 1
2 2
3 4
3 1
1 1
3 4
3 2
5 5
5 2
3 1
2 4
3 1
1 1
4 2
3 2
3 3
3 1
4 1
1 5
4 4
2 5
5 2
1 4
2 4
3 3
4 4
3 4
2 4
2 4
4 1
4 3
5 3
1 3
4 5
5 5
5 4
1 4
2 1
4 4
2 3
2 2
4 4
3 2
5 5
1 2
1 4
2 2
1 4
1 2
4 5
2 5
1 5
4 5
5 3
5 4
1 4
4 3
2 4
3 3
4 3
3 2
3 2
1 5
5 4
1 3
3 2
3 5
4 4
3 5
5 3
5 2
2 3
4 4
4 4
1 2
5 3
2 1
1 1
5 1
2 1
4 4
5 1
1 5
2 3
2 4
2 1
4 5
2 5
5 5
5 4
4 5
4 2
3 1
4 5
1 2
4 5
11 9 400
6 8 450
5 13 700
7 11 650
11 10 100
8 11 750
7 8 350
7 5 250
5 6 200
6 12 1000
8 9 650
9 10 700
5 7 350
6 5 400
10 9 950
8 8 100
10 5 850
11 6 300
12 14 650
13 15 150
7 6 350
7 7 750
5 6 500
5 5 550
6 9 450
6 12 300
14 8 450
9 4 600
5 11 950
7 11 950
5 5 550
4 6 650
7 3 250
6 9 500
6 6 300
3 10 400
8 12 400
9 7 550
8 5 1000
4 7 700
4 3 300
12 7 950
7 9 300
2 6 100
5 14 100
1 3 600
14 6 450
9 8 1000
21 3 100
24 7 200
1 16 850
8 17 950
22 11 750
