180 64
5 5
2 5
4 3
1 5
4 5
3 4
3 2
2 1
3 2
4 5
3 5
2 4
1 2
1 2
1 4
5 4
4 1
3 3
2 1
5 3
2 2
4 1
4 2
4 4
1 1
4 4
3 1
4 5
5 2
3 1
5 5
1 2
4 5
5 4
1 1
5 4
5 1
3 3
4 1
3 3
5 4
2 4
4 5
4 5
2 5
5 1
5 1
3 5
3 2
3 5
1 5
2 4
4 5
5 3
4 4
4 2
4 4
3 4
4 4
5 3
4 2
3 1
2 1
3 5
3 1
2 5
5 2
1 4
4 5
4 3
4 1
5 5
2 4
5 3
5 2
2 4
1 4
5 3
1 3
1 1
4 1
2 5
1 2
2 3
2 2
2 5
4 2
2 1
5 5
1 3
3 3
5 4
2 5
2 5
2 1
3 5
4 2
5 3
3 5
5 2
3 5
1 2
2 5
4 5
3 3
3 3
2 1
2 3
3 2
1 4
2 5
3 3
4 4
1 2
3 2
3 5
2 5
2 5
2 5
4 2
2 1
4 2
3 3
2 2
1 3
2 3
1 2
1 5
5 1
4 1
4 5
5 2
3 5
4 1
5 3
2 5
5 1
3 4
4 2
2 1
4 1
1 1
4 2
3 2
3 2
2 2
1 3
1 2
4 2
3 3
5 5
2 1
3 4
4 5
3 2
4 5
5 1
1 5
5 4
2 3
3 5
5 2
1 3
2 4
4 2
3 1
1 3
4 2
3 2
3 4
4 1
5 5
5 5
3 5
2 2
4 1
5 4
4 3
2 1
4 5
5 6 200
5 3 150
4 4 300
7 7 600
9 9 450
8 7 950
5 5 1000
10 3 350
5 9 150
10 8 1000
10 6 700
8 5 100
9 3 850
14 9 550
6 3 300
12 10 100
3 6 300
7 12 500
8 12 700
6 5 900
12 8 500
10 11 200
9 6 250
4 7 150
4 7 150
6 9 600
10 11 850
4 11 100
12 15 500
6 7 650
5 6 350
7 7 800
5 4 150
4 2 600
7 9 900
5 3 800
11 8 450
10 12 600
5 9 850
4 5 400
3 6 600
9 8 800
10 12 750
8 6 550
8 14 650
13 12 850
12 7 500
3 8 550
3 7 750
9 9 200
4 6 450
6 11 150
13 10 100
24 19 100
13 20 900
20 25 950
25 16 150
17 2 150
11 21 500
13 7 900
2 17 650
11 23 100
17 5 550
1 3 200
