210 72
4 4
4 2
3 3
3 2
5 5
2 4
5 1
3 5
2 5
1 1
4 5
4 3
2 2
2 1
1 5
2 1
1 4
2 3
2 5
3 1
2 2
5 3
5 1
4 2
1 3
5 1
1 1
3 3
3 4
2 2
3 2
2 1
4 5
5 4
1 4
5 1
4 4
1 2
4 4
4 5
4 5
3 4
4 4
5 3
1 2
4 4
3 5
4 3
2 3
1 5
5 3
2 5
3 2
3 4
2 5
4 1
3 4
3 1
5 3
2 5
4 2
4 1
5 2
1 1
4 4
3 5
4 5
3 4
4 5
2 1
3 3
2 3
3 4
4 5
5 2
2 1
1 4
5 3
2 5
5 3
5 1
3 1
4 5
3 1
1 1
5 4
1 3
3 2
2 2
1 3
3 2
2 3
3 1
3 4
2 3
5 2
3 5
2 3
4 2
4 4
2 5
2 3
5 5
4 2
3 3
2 4
5 1
3 1
2 2
2 3
5 2
1 1
5 4
1 1
4 5
2 5
5 2
2 3
3 3
2 5
5 3
4 2
5 3
1 5
2 1
1 3
1 3
4 1
3 3
3 5
3 5
5 2
4 3
5 2
1 4
3 3
4 5
1 5
1 2
2 4
3 1
2 4
2 5
5 3
2 4
3 4
1 3
4 1
3 5
3 4
1 3
3 4
3 3
2 1
1 3
2 3
3 1
5 3
1 5
5 2
1 1
1 4
2 3
1 1
1 2
4 5
2 1
3 1
1 5
4 4
4 4
5 3
4 4
2 3
5 4
5 2
2 5
2 5
5 2
5 1
2 1
1 4
5 3
5 5
4 5
1 5
3 4
1 3
2 4
1 3
5 1
2 3
1 2
5 3
4 4
1 2
4 1
5 4
2 3
1 5
5 1
3 4
5 1
5 4
4 2
1 3
5 2
2 5
4 5
2 5
7 10 550
9 9 450
9 10 400
6 10 550
5 7 200
7 5 150
7 7 300
7 9 850
9 4 250
12 14 850
7 5 950
8 10 400
11 5 150
8 15 800
8 17 150
6 5 1000
8 9 150
8 9 900
8 5 500
6 6 450
9 8 200
5 5 750
7 5 950
14 8 400
3 6 1000
4 11 100
9 12 900
8 7 400
9 14 200
9 7 550
5 9 150
4 5 250
14 7 1000
11 8 700
7 5 350
3 4 550
3 7 700
11 19 400
9 5 200
12 7 850
9 4 500
9 4 250
5 3 900
10 8 350
4 4 750
5 7 800
7 7 400
7 9 200
2 4 200
10 10 1000
5 13 550
7 5 700
5 10 600
21 12 500
6 11 150
5 6 800
4 12 100
7 3 500
10 6 1000
9 5 1000
16 8 700
8 17 350
3 11 700
6 9 150
2 18 500
12 11 150
18 9 500
3 12 200
11 3 950
19 18 950
2 1 500
5 7 500
