240 81
3 5
5 4
2 2
1 1
1 2
5 3
3 1
5 2
1 3
3 2
3 5
1 1
3 4
2 1
4 4
5 1
4 2
1 3
4 4
1 3
2 2
5 1
5 1
5 4
1 4
1 5
3 4
3 5
3 3
3 5
1 2
2 5
3 5
4 2
5 5
1 5
4 3
1 4
1 1
2 5
1 4
1 3
1 2
2 4
2 3
4 1
4 5
1 5
1 4
5 1
3 4
1 3
3 3
1 2
4 1
3 4
5 2
1 2
2 1
1 5
3 5
3 1
4 4
1 2
5 1
3 1
3 5
1 5
5 5
1 5
5 2
5 5
2 3
1 2
2 2
1 5
5 5
4 1
5 5
3 2
5 2
3 5
4 3
3 5
3 1
3 2
3 3
4 5
1 1
1 5
2 5
5 2
2 3
5 1
5 1
5 2
3 4
1 1
5 2
1 1
2 1
1 3
5 2
1 5
4 1
3 2
3 4
1 2
5 3
4 4
5 5
3 3
5 5
5 3
4 3
2 4
3 4
2 2
1 2
1 2
2 3
4 1
5 5
2 5
1 4
3 1
3 2
3 4
4 1
5 2
4 4
2 1
1 1
1 2
2 1
3 3
4 5
5 2
5 1
4 4
3 2
4 2
2 2
2 2
2 1
5 5
1 5
4 1
5 3
2 1
5 1
2 4
5 5
4 1
4 3
2 4
1 5
1 4
2 3
5 2
4 5
2 4
1 4
1 5
1 2
4 4
2 2
3 2
2 1
4 5
4 5
5 1
2 3
4 2
2 5
1 1
4 3
1 2
5 4
5 5
4 5
4 3
1 2
5 4
1 3
2 1
1 3
1 5
2 1
1 1
2 2
1 4
3 1
5 3
1 1
4 4
2 5
4 3
5 3
3 3
1 3
3 1
4 5
3 1
1 4
5 2
2 2
2 2
1 4
3 4
2 1
2 3
1 3
3 4
2 5
2 1
2 3
4 1
3 4
2 3
3 2
4 4
4 2
1 2
2 5
4 4
5 1
5 1
2 5
4 5
5 2
4 2
2 4
2 1
4 5
2 4
4 3
5 5
3 2
3 2
6 7 200
10 5 850
10 13 550
6 6 100
5 3 100
9 10 750
6 10 700
10 7 650
6 10 900
8 10 700
7 8 100
2 6 600
11 9 350
5 4 250
7 6 100
4 7 950
3 4 500
8 8 650
7 8 350
8 7 800
13 6 200
6 8 200
12 14 900
7 7 600
7 8 500
10 20 950
10 5 400
5 6 200
3 5 150
10 11 700
1 4 100
8 7 100
10 10 400
8 9 900
12 8 800
7 12 1000
7 10 950
9 5 550
8 6 200
5 10 400
9 8 200
3 9 200
4 5 850
4 6 350
9 12 750
5 5 100
4 10 800
5 7 300
3 5 950
8 7 250
6 10 100
8 6 1000
18 13 850
13 13 950
10 7 400
9 5 900
5 7 250
11 10 500
7 6 1000
8 8 650
10 14 300
7 2 300
7 12 400
6 7 450
3 13 500
13 11 750
5 1 150
22 3 900
3 11 200
25 21 750
17 7 450
7 12 550
3 22 550
17 23 250
8 13 750
10 2 200
24 10 1000
21 21 950
22 19 900
1 1 900
14 11 1000
