270 93
2 2
4 5
1 1
2 2
4 1
3 3
4 1
2 3
4 3
5 1
5 3
2 3
1 4
4 4
5 1
4 4
3 3
2 2
5 1
5 4
3 2
3 1
2 1
3 5
2 5
2 5
4 4
1 2
5 5
3 4
4 1
4 4
1 2
1 3
1 5
1 1
3 1
2 4
3 2
1 5
4 4
4 5
5 4
2 5
3 4
4 3
1 1
4 2
1 2
2 5
5 4
1 4
1 2
2 1
3 5
5 5
3 3
3 2
2 5
2 2
1 2
5 3
4 5
1 4
3 1
5 5
5 4
4 1
4 4
4 3
2 3
5 3
5 4
2 1
5 3
5 4
1 1
2 1
3 2
4 5
4 4
5 3
3 5
5 1
3 4
1 2
2 3
3 5
1 1
1 3
4 2
4 3
1 1
4 3
5 5
2 3
2 5
3 1
2 4
5 3
2 5
5 2
5 5
1 3
3 1
5 5
3 2
5 4
4 5
5 1
1 5
5 1
1 4
2 5
2 3
2 1
3 5
4 5
5 2
2 5
5 2
5 5
3 4
3 1
5 4
3 3
3 5
1 3
1 5
4 4
1 1
2 5
2 1
4 5
5 1
3 5
3 5
2 3
1 4
3 1
3 5
5 3
4 1
3 4
2 3
4 4
5 3
1 1
3 5
2 4
1 2
2 4
1 5
5 1
1 3
3 1
2 3
1 5
2 2
5 5
5 2
3 4
2 4
4 4
2 5
2 4
2 1
3 4
5 1
3 2
5 4
2 2
1 1
4 4
4 1
4 2
3 3
3 5
5 3
2 5
3 5
2 4
3 1
2 3
5 4
2 3
3 3
5 1
4 1
5 4
4 2
4 5
5 2
4 1
5 1
4 5
5 5
5 4
1 2
4 2
3 2
2 4
5 4
2 5
5 2
2 1
2 1
4 5
1 2
2 2
4 5
3 3
4 3
3 5
1 5
4 3
1 3
2 2
1 5
3 3
5 4
2 3
1 5
5 2
4 3
4 2
4 5
5 5
2 4
4 5
2 2
1 2
5 2
5 1
3 5
2 2
2 5
4 3
5 2
2 1
5 4
4 1
3 2
1 2
4 1
4 5
3 5
5 5
1 1
1 2
2 1
1 4
3 1
5 4
2 2
1 5
5 5
3 4
3 1
1 5
5 5
3 5
3 1
3 1
5 5
3 3
2 1
1 2
5 5
3 3
9 10 800
10 7 350
11 11 150
6 11 300
6 5 850
12 10 900
6 10 550
3 4 1000
5 6 900
5 5 350
5 9 700
6 9 800
14 7 800
10 5 600
4 3 650
4 4 900
9 14 950
10 10 700
5 8 300
9 11 200
6 8 400
5 4 900
10 12 100
14 8 400
6 5 750
10 6 250
9 6 250
6 9 450
14 15 1000
5 10 700
11 6 300
7 5 450
5 7 450
12 7 350
15 7 400
12 13 200
2 5 850
6 5 150
7 5 950
10 5 550
10 11 400
5 5 700
8 6 450
6 6 200
16 6 150
6 8 350
6 6 100
7 6 1000
7 8 950
6 5 450
4 9 1000
7 5 450
11 10 800
8 5 1000
9 6 550
8 10 950
6 6 450
3 7 350
6 9 250
9 13 950
8 7 350
8 12 850
7 8 550
7 2 300
8 7 150
12 18 850
5 10 600
12 11 800
7 7 900
6 6 250
7 7 300
13 3 100
10 8 250
14 9 900
4 10 650
6 2 750
8 12 800
13 18 950
2 21 650
4 8 300
11 14 950
7 18 600
22 24 950
23 2 550
19 17 800
11 21 250
22 9 1000
17 10 700
13 9 800
13 24 600
2 25 850
12 11 750
5 23 900
