300 110
5 5
4 1
1 4
3 5
5 5
5 1
2 1
1 5
2 5
5 2
2 3
4 5
3 4
2 5
4 3
1 3
2 4
4 2
3 1
5 3
2 5
2 4
4 1
5 5
5 3
3 1
5 5
3 1
4 5
5 5
1 5
3 4
2 2
3 5
4 3
1 5
3 1
4 5
1 3
4 5
1 2
1 1
4 4
1 5
1 4
1 4
2 5
1 1
4 4
3 4
4 1
2 3
4 5
2 5
1 5
3 4
5 4
4 3
3 2
1 3
2 1
1 1
3 5
3 5
5 2
1 1
2 4
2 5
3 1
3 1
5 5
2 2
5 4
4 2
3 3
1 5
5 5
5 4
4 2
5 3
4 3
1 1
4 3
2 1
2 1
2 3
4 1
5 4
3 1
2 2
5 4
4 4
4 3
1 5
3 1
4 4
1 1
4 3
5 2
5 3
3 4
5 5
3 4
3 2
4 1
4 2
3 3
3 2
2 2
1 2
1 3
1 1
2 1
4 2
3 2
5 4
4 1
1 1
4 1
2 5
4 2
2 1
5 3
1 2
5 2
4 3
5 1
1 3
1 5
4 5
1 2
1 4
3 5
1 2
5 2
3 5
2 4
2 4
5 5
1 3
4 1
5 1
4 5
5 5
1 4
3 3
3 4
3 5
2 5
3 2
4 2
2 4
5 3
4 3
5 1
3 4
1 2
2 5
1 1
2 5
2 5
1 2
2 4
2 5
5 1
1 4
4 4
2 3
5 1
4 3
2 5
5 5
3 4
1 3
5 2
3 1
4 5
3 1
1 1
4 5
4 4
2 3
5 5
1 1
2 1
1 2
1 2
2 5
2 1
5 2
3 4
5 3
2 2
5 4
3 5
1 2
2 5
3 4
5 1
4 2
5 3
3 1
4 5
1 2
1 5
1 3
1 4
4 1
3 5
5 4
1 4
4 5
5 1
2 2
4 4
2 4
1 3
4 4
4 2
3 1
1 5
3 5
3 3
4 1
3 5
5 5
1 4
5 3
1 1
2 4
1 4
1 1
3 4
2 1
3 5
1 2
5 5
3 5
3 5
4 3
5 3
4 2
4 1
1 3
5 3
1 4
4 3
5 4
2 1
5 3
5 2
1 1
4 5
5 4
1 2
3 1
1 5
4 2
4 5
3 2
5 1
1 4
1 5
2 3
2 3
5 4
5 2
5 1
3 3
1 4
5 2
1 1
1 4
3 5
4 4
1 1
5 3
4 5
1 2
4 2
5 3
1 4
2 2
3 3
5 5
1 1
3 1
5 5
5 2
1 5
3 3
3 1
3 5
5 4
2 2
1 4
1 4
3 2
4 3
3 1
2 4 500
8 1 350
6 3 650
5 10 450
7 9 750
3 3 900
13 8 900
7 8 1000
14 10 850
9 3 750
11 11 900
7 7 250
5 11 650
6 6 350
9 8 950
8 11 700
5 5 250
5 7 700
8 7 900
6 5 600
9 5 900
8 9 450
8 10 850
10 9 600
2 4 450
3 6 850
4 8 250
5 6 450
5 10 750
5 5 500
9 6 400
9 11 900
11 7 450
7 9 1000
12 4 250
9 5 250
5 2 400
6 4 350
12 8 750
9 13 200
17 18 750
4 7 250
7 6 1000
10 7 650
14 10 700
2 4 250
9 3 550
9 7 850
16 10 400
3 5 450
4 8 300
9 5 850
14 9 250
14 10 300
15 8 650
6 5 500
9 8 250
9 7 500
10 7 800
8 8 550
6 3 350
10 6 250
8 13 750
7 7 400
2 5 450
10 4 350
5 8 250
2 9 600
6 10 300
9 7 350
5 7 450
11 4 900
4 12 250
7 5 700
6 7 500
8 6 600
7 6 350
9 7 100
9 5 300
7 4 200
8 8 750
10 10 100
4 3 550
3 3 150
6 7 900
9 12 250
9 7 850
13 8 950
4 5 800
4 2 700
6 5 750
25 11 350
2 15 900
10 25 100
10 25 1000
9 25 500
25 24 400
21 17 800
1 7 750
11 13 650
2 24 450
22 3 550
7 13 550
9 19 1000
24 10 450
22 15 900
16 5 300
2 11 750
2 19 200
12 23 650
