330 110
1 5
4 2
4 5
5 1
1 2
2 1
4 2
4 2
1 5
3 1
1 4
4 3
4 3
3 1
5 4
2 4
2 3
1 1
1 4
1 4
3 5
2 1
2 4
3 2
5 1
5 5
2 3
2 3
4 1
5 5
5 5
5 5
1 3
3 3
5 3
4 3
4 1
1 4
2 1
5 4
1 5
4 5
3 3
5 3
5 4
4 2
3 1
3 4
4 5
3 2
2 3
1 2
1 4
3 4
4 2
2 5
4 1
5 1
1 2
3 2
4 3
5 2
1 4
3 4
1 5
5 4
4 3
4 2
5 1
5 2
4 3
1 3
2 5
4 4
2 1
1 1
1 4
2 1
5 4
2 3
5 1
2 5
4 5
3 1
4 4
2 1
4 3
2 4
5 5
5 2
1 5
2 5
2 2
5 2
3 5
5 5
3 5
5 5
2 3
5 5
5 2
4 3
5 4
3 2
2 3
3 5
1 2
5 2
1 5
2 4
5 3
4 5
2 4
1 4
4 4
3 3
3 3
4 1
3 2
5 3
3 2
5 1
1 3
1 4
1 2
5 1
5 3
3 2
5 5
1 3
4 4
4 2
1 1
3 2
5 4
2 1
4 5
3 3
2 4
2 1
3 3
5 1
5 3
1 5
5 5
1 1
1 2
5 3
1 1
5 1
4 5
5 1
2 3
5 2
4 5
3 4
3 2
2 5
5 2
4 1
5 3
4 4
5 2
3 4
1 4
3 4
2 5
1 3
4 5
5 1
2 2
1 2
3 1
1 4
3 5
4 1
5 3
2 3
1 2
2 5
2 4
2 5
2 5
2 5
4 3
2 2
3 4
3 4
5 3
3 4
4 4
2 4
5 4
3 3
2 5
3 2
1 5
2 4
4 2
4 1
3 3
2 4
4 3
5 2
3 1
5 5
4 1
1 4
5 5
4 1
1 3
5 5
1 3
4 4
5 1
4 5
1 5
4 4
3 4
3 5
4 3
1 5
2 2
4 5
2 2
2 1
4 2
5 4
1 3
1 3
4 1
2 5
5 3
3 1
5 1
1 4
3 3
4 2
4 2
4 3
2 3
3 5
3 5
3 2
1 2
5 5
1 2
5 1
3 2
5 2
3 3
3 2
4 3
4 2
3 1
2 5
4 5
3 1
1 4
3 1
2 5
3 5
2 1
3 1
5 4
2 3
2 2
3 4
1 2
3 3
4 2
5 5
4 2
4 1
2 3
1 1
5 3
3 2
2 5
3 2
4 4
1 4
5 1
5 1
4 2
4 4
3 2
5 5
2 5
5 2
3 1
1 4
4 2
3 3
3 5
3 3
5 1
3 3
3 1
4 2
3 5
2 3
2 4
5 2
3 1
5 1
2 5
4 1
3 5
2 5
3 5
1 2
1 3
2 4
1 5
3 1
3 3
5 1
3 4
5 2
3 2
3 2
4 2
1 5
4 4
5 3
1 5
2 2
3 5
3 2
10 10 450
5 7 500
6 5 700
11 6 100
8 8 850
5 4 950
7 6 300
5 6 600
11 5 500
16 10 600
15 15 400
15 3 800
9 7 950
6 6 600
13 4 650
9 7 100
10 8 950
7 4 600
4 3 400
12 9 850
6 6 400
10 11 900
7 8 1000
5 6 400
6 11 800
5 2 650
4 7 400
5 3 450
10 8 200
15 7 300
7 10 250
16 10 900
5 4 700
9 7 400
6 7 700
7 5 750
9 8 400
11 8 300
9 8 850
7 3 950
9 7 800
6 5 100
2 3 400
7 5 450
11 8 300
5 8 850
7 4 950
12 7 100
6 13 100
9 2 850
10 7 550
12 8 250
7 7 200
5 6 450
8 6 600
9 7 400
3 3 750
9 10 350
8 9 900
11 11 150
8 4 550
14 13 400
9 7 150
8 8 400
7 12 850
12 11 150
8 8 100
7 8 1000
12 8 350
7 12 800
4 7 400
9 10 850
17 9 300
5 3 200
5 6 950
7 6 750
5 9 400
10 12 350
12 10 650
8 7 1000
4 14 900
3 5 400
9 12 250
14 7 350
6 14 300
10 9 350
12 7 850
11 9 400
11 9 150
7 9 400
5 8 950
24 16 600
5 5 150
6 3 200
5 7 800
22 20 1000
6 24 250
10 14 400
7 20 400
3 1 600
1 1 450
3 21 1000
24 4 450
19 24 600
6 18 950
23 3 150
3 17 100
22 21 400
16 14 400
17 19 100
