350 122
2 2
3 1
3 4
1 1
4 3
2 3
5 4
1 2
2 5
2 5
3 2
1 5
4 5
4 4
2 3
4 1
1 3
5 5
3 3
3 4
4 2
4 4
5 3
3 2
2 3
4 3
4 5
3 3
3 1
4 4
2 3
3 2
4 3
1 1
2 1
2 2
3 2
5 5
5 3
4 1
5 5
4 3
5 5
2 4
2 4
4 1
4 3
3 4
5 3
4 2
5 5
5 3
1 1
1 1
5 3
1 4
4 4
1 4
1 4
5 4
2 1
1 1
2 5
1 4
1 2
2 3
1 3
4 2
4 5
4 1
4 5
4 1
1 5
1 3
1 2
3 5
5 5
2 5
5 4
2 4
3 1
2 2
2 4
1 2
2 3
1 3
1 4
4 2
3 5
4 3
1 4
4 2
5 5
3 2
2 2
1 5
1 1
3 2
2 4
5 5
2 4
4 5
5 5
1 2
2 1
4 4
5 4
1 5
1 5
1 4
3 5
5 3
1 5
3 5
1 1
1 3
4 1
5 1
1 2
5 1
4 2
3 4
2 1
5 1
3 5
1 3
5 4
5 2
4 1
2 3
1 4
3 1
5 4
2 5
4 3
5 3
3 1
2 3
5 2
5 5
3 1
5 1
1 5
4 1
1 3
3 1
4 5
2 5
2 1
5 3
4 2
1 2
1 1
4 1
4 5
4 1
1 4
5 4
2 2
3 5
1 5
1 3
1 4
2 3
1 3
1 4
1 3
5 3
4 3
4 5
1 3
2 1
2 2
1 2
4 5
1 4
4 2
1 4
5 2
3 3
2 2
4 2
1 4
4 1
4 5
5 2
3 4
1 2
2 5
1 5
1 4
4 2
4 3
5 1
3 1
1 4
1 2
3 5
3 4
4 5
3 2
1 3
2 4
1 1
3 3
5 1
4 4
1 1
2 2
2 4
2 1
2 5
2 5
2 4
2 1
2 5
2 4
3 1
4 2
5 5
2 4
4 3
4 5
4 1
5 3
3 4
5 4
2 4
3 5
2 3
4 3
4 5
2 5
4 3
5 3
3 2
2 3
3 4
5 3
3 5
3 2
2 4
1 3
2 5
1 1
2 5
2 4
4 1
5 2
4 1
4 1
3 4
1 4
5 3
5 4
5 1
5 5
1 1
2 5
3 4
3 3
5 2
4 2
4 1
4 5
4 1
3 1
4 1
2 3
4 5
2 2
2 5
2 2
2 5
3 2
5 2
2 1
4 2
2 3
4 3
3 3
2 1
3 5
4 4
2 4
5 4
3 3
1 5
4 4
3 1
2 4
1 5
4 5
1 5
5 1
3 2
1 3
5 5
2 3
1 1
1 4
5 5
4 5
4 1
5 3
2 2
3 4
3 5
5 4
1 2
3 4
5 4
5 4
1 2
1 2
4 4
5 5
4 3
1 5
1 4
5 3
3 1
3 2
2 3
2 3
4 3
1 3
4 4
5 2
1 4
4 2
4 4
3 2
2 5
5 2
4 2
5 5
1 5
1 4
4 2
3 5
1 3
1 2
2 2
1 3
4 3
5 2
1 4
2 1
1 1
14 10 750
7 7 450
8 7 500
12 8 550
3 7 450
7 11 950
10 11 350
11 16 1000
4 5 200
8 12 800
5 3 300
5 5 750
4 3 750
9 10 800
9 12 1000
4 3 300
3 6 400
11 14 300
7 5 800
6 8 550
5 5 450
12 8 200
4 8 1000
13 11 100
10 13 150
7 6 400
3 2 650
3 6 450
8 9 750
8 8 900
8 9 850
5 8 700
10 8 950
8 5 750
7 10 750
4 5 700
4 6 650
8 5 550
6 5 550
6 14 900
3 7 700
7 8 700
7 11 600
4 4 1000
9 8 1000
7 7 200
13 5 800
5 2 550
9 9 700
7 5 500
12 9 700
11 13 350
9 12 250
5 7 150
3 5 550
15 15 300
6 6 350
9 6 900
10 11 200
8 7 750
7 6 750
8 7 500
12 6 900
8 3 300
7 5 150
12 10 400
4 5 250
9 10 750
9 11 700
10 8 100
7 7 800
6 12 600
8 5 400
11 14 550
2 7 950
11 7 250
10 6 950
9 9 400
10 6 650
8 4 150
3 5 350
9 9 600
14 8 1000
4 3 600
2 8 550
4 6 100
8 10 400
5 9 700
5 11 900
7 12 400
5 3 400
5 3 300
4 11 450
7 9 550
13 9 600
8 4 600
6 9 900
5 3 850
6 6 950
8 10 1000
4 5 800
8 25 400
24 20 600
6 12 450
24 4 900
15 7 600
6 10 850
3 12 500
22 23 400
25 14 350
20 22 100
21 18 300
25 4 250
1 6 850
9 12 650
5 1 250
18 1 800
9 19 450
2 18 650
14 22 250
17 7 750
17 9 550
