400 135
4 3
1 1
2 2
3 3
4 1
3 3
2 2
5 1
4 4
3 1
5 1
1 2
3 3
2 2
2 3
1 1
3 1
2 2
5 1
4 5
3 3
2 2
5 3
3 1
3 1
1 4
1 2
3 3
3 1
5 1
1 5
3 2
3 2
2 4
5 1
5 4
4 2
5 4
3 2
3 4
2 2
5 4
5 1
1 3
5 5
2 5
5 4
5 5
5 1
4 3
1 3
1 1
5 3
4 1
1 5
4 1
4 2
2 3
3 2
4 5
4 5
3 2
4 4
1 1
3 3
5 2
1 5
2 2
5 4
5 4
2 5
4 3
4 1
5 1
3 1
3 1
3 3
4 5
3 4
2 5
1 4
3 3
1 4
4 3
3 3
2 5
4 4
4 2
1 4
1 3
3 5
5 5
1 3
2 4
2 3
4 1
5 5
4 2
5 2
2 5
4 1
3 4
4 4
1 1
4 4
1 5
2 2
3 4
2 5
1 2
2 2
4 3
1 3
3 5
5 2
4 2
5 3
2 1
2 2
5 5
5 2
4 2
3 2
3 4
1 4
1 1
3 1
3 2
5 1
4 1
5 2
5 1
5 4
3 2
1 4
2 2
2 4
3 3
5 5
3 4
1 4
5 5
2 5
3 5
5 4
2 4
3 2
5 2
1 2
1 3
5 4
1 3
2 4
5 2
4 5
1 5
4 2
2 1
5 3
5 4
5 5
2 3
3 3
1 3
5 5
1 3
2 2
5 5
4 4
3 4
5 2
4 4
4 5
4 2
5 2
5 3
2 5
4 3
5 3
4 4
2 3
1 5
5 1
4 2
1 5
2 1
1 1
4 2
3 4
4 5
4 3
2 4
2 2
3 4
2 4
3 4
1 4
4 5
2 5
1 2
1 3
5 4
3 3
5 1
4 3
4 3
3 2
4 5
3 2
4 4
2 3
3 3
4 2
4 3
3 3
2 2
5 1
5 4
5 5
4 5
4 2
4 2
1 4
2 3
3 3
4 3
3 5
1 5
3 2
3 3
2 3
4 4
3 1
5 4
4 4
3 4
5 2
3 3
1 5
1 5
1 2
2 1
2 1
1 5
1 4
4 5
5 3
1 1
4 1
4 4
3 3
1 3
2 2
5 1
3 1
4 1
4 4
2 5
1 4
3 4
4 3
4 4
2 3
5 2
2 5
2 5
1 1
1 1
2 3
5 2
4 3
2 4
4 5
4 5
4 1
3 3
3 2
2 5
3 4
1 2
1 2
3 4
3 4
5 5
3 2
1 2
5 1
1 4
2 3
4 1
2 1
5 5
2 4
5 2
2 5
2 2
2 5
1 2
2 4
2 5
5 4
3 2
1 5
5 3
5 5
1 3
3 3
3 3
2 5
3 1
5 4
2 1
2 5
2 5
1 5
1 2
4 3
5 5
2 4
1 5
1 2
5 1
3 1
2 1
4 4
3 3
4 4
3 4
5 1
1 3
1 1
1 5
2 3
4 1
4 2
5 1
3 3
4 5
2 4
3 1
1 4
2 5
4 5
3 2
3 4
5 4
3 5
5 2
2 3
2 3
1 1
3 5
3 3
3 5
5 5
3 1
5 3
1 1
5 1
5 4
5 2
3 3
3 4
3 3
5 4
5 5
1 5
1 1
2 3
4 5
3 3
4 5
1 2
4 2
1 4
5 2
3 4
5 5
2 3
2 1
4 2
4 3
2 1
5 3
2 5
3 3
1 1
5 5
1 1
1 2
3 3
4 1
3 1
1 2
4 3
1 3
4 5
4 5
5 5
5 4
7 9 500
9 4 550
8 6 600
10 6 100
11 12 850
12 7 550
9 10 450
7 12 800
10 5 450
8 7 600
7 4 950
10 6 900
15 10 750
12 8 800
10 7 250
10 7 500
7 6 550
11 12 150
5 10 750
3 6 250
7 3 500
8 4 850
8 6 250
5 10 350
9 9 250
10 9 550
3 6 150
5 5 850
9 6 850
4 4 950
11 7 550
6 5 600
10 5 700
11 9 1000
5 10 150
3 7 400
5 6 650
4 2 100
9 7 250
9 7 400
9 7 850
8 6 500
8 7 350
4 6 150
12 10 950
4 5 150
8 6 600
10 7 700
8 11 500
5 4 250
9 8 350
10 7 550
10 9 500
6 5 500
10 14 950
10 11 850
8 7 250
6 4 600
13 8 550
7 13 250
6 5 850
4 5 600
13 9 200
6 6 500
12 11 250
6 2 800
3 2 950
4 6 500
9 6 950
6 12 300
15 11 650
4 6 500
8 10 100
10 15 400
10 7 900
5 5 250
6 9 200
6 7 450
11 8 800
11 7 400
5 4 550
5 15 600
10 6 600
15 8 250
6 7 150
5 5 450
8 9 200
9 5 650
6 4 700
10 10 300
8 6 950
6 10 800
6 4 150
5 7 600
6 9 550
6 7 900
10 8 500
4 11 150
7 5 850
10 11 450
9 6 700
8 9 400
5 8 550
6 12 650
13 8 650
12 5 600
5 5 800
7 11 500
8 16 250
10 5 850
5 13 600
3 2 500
3 3 250
4 17 600
11 19 350
11 21 1000
14 11 300
19 4 800
14 4 650
16 20 100
21 7 750
16 9 200
4 25 350
9 6 350
19 19 400
21 5 500
21 8 1000
17 21 450
2 8 250
18 19 600
17 2 1000
13 1 200
19 24 600
19 8 100
1 8 500
