450 158
2 1
1 5
3 5
4 5
4 2
2 3
1 1
3 5
1 3
5 1
2 4
2 4
4 5
4 1
4 3
4 1
3 5
3 2
2 4
1 4
5 2
4 4
2 3
2 5
4 4
2 5
3 4
3 1
3 2
2 5
2 3
5 2
4 1
2 3
1 1
3 5
1 1
3 3
5 1
4 3
1 2
4 5
5 4
4 5
5 2
5 3
2 5
5 5
1 2
4 4
1 1
4 1
3 3
2 3
3 2
5 4
3 3
5 1
2 5
5 1
2 2
4 3
5 1
3 3
1 3
3 3
5 3
1 4
5 1
5 5
4 1
4 2
1 1
2 4
1 3
4 5
2 5
1 4
2 5
4 4
3 3
1 2
4 4
2 3
1 4
4 2
2 3
3 3
2 2
3 4
2 4
2 3
3 5
5 2
5 1
4 1
2 1
2 5
4 3
3 3
2 3
2 5
2 3
3 5
5 3
3 2
2 5
5 4
3 1
2 3
2 4
4 3
3 3
5 3
3 4
3 2
4 4
1 3
3 5
5 5
4 3
2 3
2 2
3 4
3 4
1 5
1 4
5 4
3 3
4 3
1 5
5 3
2 5
2 2
3 2
2 2
2 1
4 4
1 4
5 5
4 4
4 4
5 4
1 1
4 2
5 3
3 2
5 3
4 4
2 1
1 2
1 3
2 5
4 5
5 3
3 3
3 1
2 2
4 5
3 2
5 4
4 1
1 3
3 4
1 4
5 2
5 2
5 5
3 1
5 2
1 4
4 2
2 2
3 4
3 5
1 5
3 5
4 5
2 2
2 1
4 3
5 4
1 4
5 1
2 4
2 2
4 2
1 2
1 1
4 2
3 2
3 1
1 1
3 3
1 4
2 4
5 1
2 2
5 2
4 2
3 4
1 1
2 2
2 2
4 1
3 2
4 2
2 5
3 2
4 2
5 4
2 1
5 3
1 3
3 5
3 3
2 1
4 4
5 5
5 3
1 1
4 1
4 1
1 2
3 4
4 5
5 3
2 2
3 5
1 3
5 5
3 4
4 3
3 5
3 1
5 5
3 4
4 5
4 3
5 5
1 3
2 3
2 5
5 4
2 3
2 4
1 3
4 3
2 3
1 2
3 5
2 3
1 4
4 2
3 5
5 4
4 3
5 1
4 1
1 3
5 5
1 1
2 5
2 1
4 3
1 4
4 1
2 2
1 5
2 2
2 4
3 3
1 2
4 1
3 3
4 1
4 2
1 3
3 3
1 4
1 5
5 5
5 1
1 4
4 5
5 2
2 4
5 3
4 5
3 4
2 2
5 2
2 1
5 3
1 2
5 4
2 2
3 5
3 3
1 2
5 3
4 2
5 1
1 4
4 5
3 2
5 5
2 3
1 3
2 4
5 2
1 1
5 4
2 5
2 4
1 1
3 2
4 3
4 3
3 5
1 1
1 3
3 2
5 5
2 1
1 2
1 3
5 2
5 3
4 2
3 1
4 3
2 3
1 4
1 2
4 4
5 2
2 1
3 5
5 5
5 3
4 3
5 2
1 5
2 4
1 1
3 2
5 4
3 4
5 1
5 3
4 2
5 3
1 4
2 1
4 1
3 1
5 2
2 3
1 5
5 3
1 4
5 5
5 3
2 2
1 4
4 3
5 2
1 2
1 3
5 1
2 3
3 1
3 5
4 1
2 5
1 2
5 2
4 3
2 3
4 4
1 5
5 4
5 4
3 3
5 2
4 4
5 2
5 4
2 2
4 2
5 3
2 4
3 1
3 1
1 4
1 1
2 2
1 5
5 2
5 4
1 4
3 3
1 2
5 4
5 3
4 4
3 1
2 2
3 4
2 1
5 2
4 2
4 3
5 2
4 5
2 5
4 1
4 2
1 5
1 5
3 4
4 3
1 5
5 1
3 4
5 4
1 3
3 2
1 3
1 1
1 1
4 4
4 5
4 1
4 5
2 4
5 5
4 2
3 2
4 1
2 5
1 2
1 1
3 1
4 1
4 3
3 4
1 3
1 2
12 11 600
8 5 250
6 11 900
11 9 100
7 6 450
7 8 550
6 5 1000
3 4 800
6 6 150
6 8 100
3 5 350
8 9 150
14 10 100
5 5 300
6 12 400
12 11 500
8 11 700
7 6 750
12 13 350
3 5 250
5 7 250
11 6 1000
12 10 250
9 7 350
6 10 100
3 8 1000
10 9 100
6 10 1000
7 9 100
7 1 650
8 7 650
5 7 850
10 6 1000
6 6 300
5 6 850
9 10 500
2 8 100
9 5 800
12 12 350
4 5 900
8 15 500
8 9 350
12 10 750
11 6 900
8 6 650
6 6 700
10 9 250
10 9 200
6 13 850
4 6 200
5 11 750
6 12 200
3 5 550
6 8 1000
6 6 550
11 6 400
15 12 450
6 3 900
10 4 200
11 9 300
9 3 100
8 12 450
6 9 350
13 12 800
10 6 200
7 6 750
5 8 450
10 3 400
10 5 750
6 3 200
9 12 1000
10 8 650
9 6 900
9 4 450
11 11 650
8 10 100
4 5 700
9 7 100
5 6 800
9 5 200
3 4 1000
6 9 800
12 7 700
5 7 200
6 5 1000
8 4 650
6 10 700
7 6 700
13 7 650
8 10 850
9 3 650
8 7 350
5 5 500
7 7 450
5 2 600
5 8 450
9 9 500
2 5 100
9 14 500
14 9 750
8 9 600
5 3 1000
5 3 750
13 8 950
6 5 1000
8 7 300
12 5 850
8 6 100
6 6 250
9 9 250
7 8 1000
10 9 300
5 7 550
7 8 150
5 5 950
8 9 900
9 7 850
8 4 600
6 10 1000
9 14 850
15 7 750
4 8 250
5 10 550
5 6 750
9 9 150
15 8 900
5 7 950
9 10 500
8 8 550
3 6 250
5 4 550
2 1 400
9 20 950
16 19 850
22 18 950
14 18 650
16 5 200
16 25 1000
3 24 750
22 24 650
18 21 250
14 2 500
17 2 950
17 24 750
4 11 950
25 20 400
4 16 850
6 14 150
22 4 750
6 13 250
13 5 150
18 21 800
22 22 800
21 18 400
19 5 750
19 13 500
10 7 1000
4 22 750
