500 167
2 3
5 4
3 1
5 5
2 3
1 3
2 1
3 5
1 5
2 3
4 5
5 1
1 5
2 5
5 1
3 3
1 2
3 1
4 1
2 2
2 3
4 1
3 4
4 1
3 4
1 5
4 5
1 5
2 4
3 5
1 5
5 2
3 5
4 4
1 3
2 4
4 3
5 5
3 3
5 2
4 5
2 1
4 1
3 2
3 1
2 2
4 1
3 4
5 4
3 1
4 2
3 2
1 2
5 2
4 5
5 5
3 4
4 1
2 5
2 1
2 1
4 1
2 5
2 2
1 3
1 4
1 3
2 2
4 1
5 5
2 2
4 4
4 3
1 1
5 4
5 3
4 1
3 5
2 4
5 2
2 3
1 3
4 1
4 1
1 4
4 1
2 5
5 2
1 2
1 3
1 2
2 1
3 3
1 2
4 1
4 5
5 1
2 1
4 1
5 5
3 4
5 5
3 1
4 1
4 1
3 1
5 5
4 5
4 4
5 3
2 4
1 2
1 4
3 3
1 4
3 4
4 2
3 4
4 2
5 4
3 4
5 1
2 2
4 4
5 4
1 2
2 2
1 2
3 4
4 1
4 2
5 5
5 3
3 5
4 1
3 4
1 1
2 3
2 2
2 4
3 5
3 1
4 2
1 5
2 1
4 3
3 2
3 1
2 1
3 2
1 5
1 4
3 2
3 1
5 3
3 3
4 3
4 5
2 4
2 2
3 2
5 1
4 3
2 4
2 5
5 2
1 1
5 5
1 1
5 3
3 3
4 1
5 4
4 5
3 2
5 5
3 4
4 5
4 3
5 4
3 5
4 2
2 2
3 3
2 5
3 4
1 2
2 3
1 2
4 4
1 5
3 2
1 4
3 1
4 2
3 4
3 1
2 1
1 3
1 5
1 3
5 2
4 1
4 1
1 1
4 3
3 4
1 2
1 2
2 5
3 5
5 4
3 3
2 4
4 4
4 1
3 5
3 5
3 4
4 1
5 3
4 5
2 2
1 1
4 3
1 4
3 2
2 1
2 5
1 3
3 1
3 5
2 2
3 4
5 1
1 3
3 4
4 4
3 1
1 4
5 4
3 2
4 5
5 3
3 4
4 4
5 4
4 1
2 2
2 5
5 5
2 2
2 1
1 1
1 2
4 3
5 5
5 5
2 4
2 3
5 5
4 5
1 2
1 3
3 4
4 4
1 5
2 5
4 3
2 2
1 4
3 1
5 4
1 3
2 3
5 1
5 2
2 2
4 2
1 3
1 2
5 1
4 2
3 2
3 5
4 1
5 3
3 2
3 4
2 5
4 3
1 4
1 2
3 2
5 5
3 5
2 5
4 4
2 5
4 1
5 2
4 4
1 3
1 4
3 4
5 3
5 1
4 5
4 5
1 3
1 4
5 3
5 3
4 5
4 2
2 1
5 5
3 3
2 1
3 3
1 5
3 4
5 1
4 4
4 2
3 4
4 3
2 5
1 1
3 4
1 5
1 4
5 1
4 4
4 3
2 4
1 3
2 3
5 4
4 3
4 5
3 2
4 1
4 4
1 3
3 4
1 1
5 5
4 4
5 4
1 4
5 3
1 1
1 3
3 4
3 2
2 2
2 1
3 2
5 3
3 4
1 5
3 4
1 2
2 2
3 1
2 2
4 3
4 1
4 5
1 1
2 1
1 1
3 3
2 5
2 2
1 3
1 5
3 4
1 2
3 2
4 3
1 5
5 2
1 3
4 2
3 1
4 2
4 1
1 2
2 2
3 5
1 2
5 2
2 5
2 3
4 2
4 3
1 4
2 4
3 4
3 2
1 1
4 2
1 1
2 4
1 1
2 5
1 4
3 3
1 5
3 2
3 4
4 5
3 4
4 5
1 2
3 4
4 1
5 2
4 5
2 5
3 1
5 3
3 1
3 4
3 5
3 4
2 2
5 1
2 2
1 4
2 4
1 1
1 5
3 3
2 5
1 2
5 2
3 4
1 1
3 4
4 3
1 5
1 5
2 1
3 4
3 5
5 2
4 1
2 2
1 2
4 1
1 3
2 2
1 5
5 5
5 5
5 5
5 4
4 4
5 5
3 1
4 5
2 2
4 1
2 4
5 2
1 5
3 3
5 4
1 5
3 2
3 5
4 3
3 2
4 1
4 1
4 5
3 3
4 1
1 3
3 1
3 4
1 2
3 2
1 1
4 1
4 3
5 4
4 2
5 4
2 1
2 3
4 5
1 3
4 4
4 3
2 2
5 1
4 4 450
9 9 300
5 9 800
8 8 100
10 11 600
6 11 350
7 5 950
7 10 700
8 4 600
10 9 400
16 7 250
11 17 350
12 8 150
8 5 700
4 7 900
16 9 150
7 14 650
2 5 500
10 9 300
9 6 800
7 4 350
6 11 250
3 5 800
4 8 450
7 6 800
6 5 800
6 11 750
13 8 700
5 5 850
11 12 600
4 6 950
7 7 250
6 7 700
10 4 500
7 6 750
5 4 950
5 11 750
3 8 550
9 6 300
7 12 700
15 13 800
10 5 950
6 8 900
10 9 100
8 8 1000
9 6 550
7 12 300
5 8 250
2 4 450
14 9 950
14 9 350
13 14 900
6 8 150
10 6 700
6 9 650
6 3 100
5 7 650
8 9 350
2 3 1000
7 13 300
8 9 1000
6 10 600
7 10 1000
7 14 700
8 1 500
5 6 300
5 6 350
5 6 600
9 11 350
7 7 600
10 8 100
7 10 700
9 9 800
14 7 500
12 12 200
11 12 200
10 7 900
10 9 300
12 7 1000
8 9 300
13 9 500
9 15 750
6 8 750
5 4 750
5 7 950
5 5 350
10 8 250
9 10 900
10 7 850
6 5 400
6 6 350
7 10 100
7 6 100
8 6 500
6 10 450
10 7 800
5 6 800
9 7 950
5 4 450
5 7 100
6 7 400
9 7 500
6 7 800
6 10 950
9 12 500
10 9 650
9 8 250
7 4 150
4 7 750
9 6 450
7 9 250
3 5 700
6 5 350
5 7 1000
9 9 100
3 2 600
10 6 950
7 10 950
5 10 150
9 9 100
6 9 600
11 10 800
6 4 450
7 6 400
9 8 650
9 4 200
12 10 700
10 10 800
5 6 350
6 11 900
6 5 400
5 3 500
10 5 750
12 10 850
12 10 500
2 4 150
9 11 1000
13 12 950
1 4 250
13 10 800
1 5 350
14 9 650
17 17 700
15 12 300
8 20 600
14 16 100
21 9 750
15 15 150
5 8 950
2 6 550
25 16 650
15 10 1000
25 12 150
9 8 450
13 9 250
8 25 1000
2 4 300
6 17 800
6 10 1000
24 11 300
8 9 200
5 23 700
15 2 300
8 12 700
6 2 1000
12 13 500
13 5 500
