550 196
2 2
5 3
5 5
2 3
2 2
2 3
2 1
5 3
5 2
1 2
5 2
5 3
4 5
5 5
5 1
2 1
3 1
2 1
1 4
1 3
1 3
5 3
3 4
1 2
2 1
5 2
4 4
3 5
2 1
2 4
5 1
3 2
3 4
4 2
3 1
3 2
4 5
1 1
2 2
2 5
3 1
4 1
1 5
3 5
3 2
4 1
2 1
5 1
1 3
2 2
3 5
3 3
1 3
3 2
2 3
5 4
3 4
2 1
5 1
4 2
2 2
3 5
4 4
1 3
3 3
3 2
1 1
1 3
5 2
2 1
5 3
4 1
3 2
3 5
1 1
2 3
2 1
5 5
4 5
2 4
1 2
2 1
1 1
2 2
3 2
4 1
2 3
1 4
3 1
3 3
3 2
4 2
2 2
2 5
2 3
2 5
5 1
1 1
1 2
1 2
4 5
5 3
4 1
1 3
4 5
2 5
2 4
4 1
5 5
5 1
2 2
2 1
2 5
4 1
5 5
1 4
2 3
2 2
4 1
4 4
2 5
3 3
2 2
1 3
1 4
5 5
1 3
1 5
2 3
3 2
1 3
5 5
3 1
4 3
4 5
1 3
2 3
5 5
4 1
1 5
3 5
5 1
4 3
1 1
4 1
4 1
1 1
1 5
4 4
3 1
2 5
3 5
3 1
5 5
2 3
4 1
2 1
3 5
3 2
5 5
4 4
4 3
4 1
2 2
1 3
5 4
5 2
5 5
3 1
4 3
3 1
3 1
2 5
3 4
3 3
2 4
3 4
3 3
1 2
1 4
1 1
1 4
5 5
3 2
2 4
4 5
5 4
3 4
1 3
2 5
1 3
5 3
1 3
3 2
4 1
5 1
1 3
1 5
1 4
1 2
3 5
5 5
5 2
4 1
4 1
5 5
4 4
4 5
2 3
1 1
4 2
3 2
4 4
4 5
5 1
3 4
3 5
5 2
4 2
3 5
1 3
4 5
3 5
1 5
2 1
4 3
3 3
2 4
2 4
4 1
4 5
4 4
5 5
3 2
1 2
3 4
3 2
4 2
4 1
3 5
5 4
2 3
2 5
4 3
5 2
3 5
5 1
5 1
5 1
3 4
4 3
4 2
1 1
3 2
5 5
5 4
5 3
1 1
4 4
4 3
2 5
2 3
1 4
1 1
1 4
5 1
3 2
5 4
1 5
4 4
3 4
3 3
5 4
2 5
1 1
5 4
5 2
2 3
4 3
4 1
2 3
1 4
3 1
1 1
2 3
2 4
5 2
1 5
4 5
1 5
3 1
4 1
4 3
5 3
4 4
3 1
2 3
4 5
5 2
3 5
5 5
4 5
1 2
1 2
3 1
5 2
5 4
4 4
1 3
1 5
4 3
1 2
1 2
4 2
1 2
5 2
4 3
4 3
4 3
3 5
2 2
1 1
5 3
2 2
1 3
4 5
4 1
2 5
3 5
5 5
5 4
3 2
3 4
5 1
3 3
2 5
5 3
2 3
4 4
5 3
2 3
4 1
3 4
3 3
5 4
1 2
3 2
4 5
4 3
3 1
3 3
5 4
5 5
4 1
1 4
5 3
1 4
1 1
2 1
5 5
1 3
2 2
2 3
2 3
5 4
4 2
2 5
1 1
2 4
3 2
1 4
1 2
1 4
1 1
4 3
1 1
3 4
3 3
3 1
4 5
1 5
3 3
4 5
5 5
4 3
5 4
5 5
5 2
2 4
5 4
2 4
5 4
5 1
2 1
2 2
2 2
5 4
5 5
2 4
1 5
5 2
4 3
4 5
4 5
5 3
3 2
2 2
5 4
2 5
4 1
1 2
4 5
5 3
4 4
3 4
5 4
2 2
1 3
5 4
4 4
1 3
2 4
5 2
1 1
4 3
5 5
5 2
2 3
1 3
5 1
5 1
4 2
5 2
5 2
1 2
1 4
2 1
1 2
5 1
3 4
4 2
1 3
2 3
3 5
1 1
2 1
5 5
2 3
3 4
5 2
4 5
4 5
5 3
2 3
3 1
2 2
2 3
5 2
1 2
1 2
3 2
1 5
5 3
2 2
5 2
4 1
5 4
1 5
5 4
1 2
5 3
3 1
4 3
1 3
5 3
1 2
4 4
3 4
2 2
2 1
3 2
3 5
2 4
2 3
1 4
2 4
4 1
2 5
1 3
2 5
4 1
2 4
2 3
5 5
1 4
1 5
5 3
5 5
1 3
2 2
5 4
2 1
3 4
5 1
3 5
4 5
3 5
3 3
2 2
4 1
3 5
5 5
5 2
3 5
5 2
2 2
2 1
2 3
2 1
1 1
2 2
4 4
4 2
2 5
1 4
4 3
5 3
2 4
4 4
4 5
2 3
1 1
3 4
5 2
2 1
4 2
3 3
2 5
4 3
1 4
5 4
4 2
5 5
1 2
1 3
2 3
4 2
3 4
5 2
4 1
8 7 650
12 10 700
6 11 450
17 11 400
5 10 500
6 8 350
4 7 700
8 3 900
5 7 600
11 8 900
7 11 1000
11 14 950
15 7 900
4 2 300
8 3 1000
4 4 950
11 7 150
5 6 300
3 8 750
8 8 200
8 14 450
13 14 850
9 7 250
4 3 400
4 8 800
10 7 850
13 5 250
5 4 650
7 6 950
5 10 700
9 5 700
6 6 300
10 11 350
8 9 850
9 7 950
6 3 500
7 7 900
6 3 1000
14 7 950
5 3 600
8 7 150
7 9 600
7 5 900
3 6 750
7 6 550
11 5 450
5 6 700
11 7 500
2 2 150
5 3 600
7 15 800
4 5 650
5 11 850
7 4 250
6 3 550
12 10 750
7 8 200
6 9 200
7 5 550
11 9 100
7 6 800
6 9 300
12 13 300
10 8 300
2 7 100
7 6 100
10 14 100
9 10 350
14 6 300
10 9 200
9 11 300
3 4 450
8 4 100
14 9 100
12 9 850
5 9 950
6 9 950
4 4 500
6 4 550
6 9 650
6 5 350
8 9 300
6 14 750
8 5 200
5 6 850
5 7 300
7 5 700
11 11 500
14 15 350
7 8 700
6 3 100
3 10 900
14 9 150
10 4 500
7 9 550
5 5 600
9 10 700
6 12 200
9 7 600
7 7 150
2 5 650
8 10 400
7 10 950
7 7 700
6 9 200
6 3 250
13 8 100
8 6 1000
10 5 800
13 12 100
5 7 850
9 8 500
9 9 800
7 4 100
9 6 400
8 4 950
6 2 250
5 9 800
6 6 950
6 9 150
7 6 200
4 5 1000
5 2 500
6 4 950
5 7 900
11 6 950
8 6 600
3 8 100
2 8 850
3 9 600
11 11 550
7 5 700
4 2 300
7 6 300
9 10 450
7 4 400
7 10 450
6 12 700
7 11 650
2 4 800
7 5 650
6 7 500
4 2 100
10 2 350
7 7 500
12 9 900
16 9 450
8 13 600
8 7 200
7 4 250
5 2 750
11 9 600
11 11 550
5 3 200
9 6 450
9 12 500
6 6 550
7 10 1000
9 6 850
7 5 400
4 7 500
7 11 900
11 9 550
1 11 700
25 5 950
25 8 750
5 25 700
12 18 600
16 14 800
19 20 500
18 5 500
4 18 650
24 17 300
2 23 400
13 4 900
9 9 700
16 16 950
2 1 400
24 7 400
23 21 200
16 2 350
7 22 300
25 22 700
11 11 200
4 6 800
11 2 100
17 19 300
11 7 250
12 8 200
6 23 550
13 6 550
13 23 400
3 20 400
18 17 100
21 9 750
2 10 300
