600 200
1 5
3 3
5 5
3 2
3 3
4 1
4 2
1 1
3 2
3 3
1 4
4 2
5 5
2 2
5 1
1 1
1 2
4 5
2 2
4 3
5 5
4 3
1 3
4 3
5 2
2 5
1 5
1 4
3 4
4 2
1 2
3 2
2 2
1 2
4 5
4 1
1 3
4 5
4 1
3 5
2 4
3 4
1 1
3 1
2 5
4 1
4 1
4 3
5 1
5 4
5 3
2 5
5 5
3 2
4 4
4 1
1 2
1 3
5 4
2 2
4 3
3 4
4 2
1 2
2 3
3 1
3 4
1 5
4 4
3 5
5 1
1 4
5 4
1 3
3 5
1 1
1 3
2 5
2 4
3 5
1 3
3 4
3 3
5 2
2 5
4 3
5 3
1 1
2 1
5 3
4 2
4 2
1 5
5 1
3 4
1 3
5 3
4 5
3 3
2 3
3 2
5 3
4 5
1 5
3 5
3 2
5 5
4 5
3 1
5 5
3 2
1 4
2 4
5 3
4 2
3 4
5 2
2 1
1 1
4 2
3 3
2 3
4 2
4 3
2 3
3 3
3 5
3 5
3 4
2 4
2 2
4 5
1 5
5 3
5 4
1 2
2 3
4 3
3 4
4 5
1 3
3 2
5 2
4 2
5 4
2 1
2 5
2 3
3 3
5 4
2 2
1 2
5 4
3 4
4 1
2 1
1 4
3 1
5 3
3 3
4 1
1 1
1 3
2 3
1 4
1 3
1 1
3 4
3 1
3 2
1 3
1 4
4 2
4 5
2 4
5 1
3 1
3 3
2 1
2 1
4 2
1 1
5 2
2 5
1 2
3 4
4 2
5 1
1 3
3 3
1 4
4 1
2 1
1 4
2 3
3 5
2 2
4 1
4 2
3 5
2 3
3 1
4 2
4 1
2 1
3 5
5 1
3 1
3 1
3 3
5 3
5 5
1 3
3 1
2 5
2 4
4 1
1 3
1 5
4 5
1 2
5 1
5 4
4 4
4 4
1 1
3 1
5 2
4 2
2 5
5 2
2 1
2 1
1 3
4 5
2 5
2 5
1 1
5 3
5 2
5 4
4 5
5 2
5 3
1 4
4 4
3 5
1 4
3 1
3 5
2 4
4 1
3 2
2 5
3 4
4 4
5 4
1 3
5 5
5 2
2 1
1 1
5 1
3 3
2 1
4 5
3 4
1 5
1 2
3 5
2 5
5 5
3 5
1 3
2 5
3 1
1 5
5 1
4 1
2 1
5 5
5 1
4 5
2 1
1 1
3 1
1 1
4 4
4 1
4 5
2 4
3 3
1 3
3 4
1 5
4 4
3 3
1 5
2 2
4 4
5 1
5 4
3 5
1 4
2 5
5 4
4 1
5 4
3 5
1 3
2 3
1 3
3 5
5 3
3 4
5 1
4 3
2 2
1 4
1 3
4 2
5 1
3 5
3 4
2 4
2 2
2 1
1 1
4 5
1 3
2 3
3 1
3 1
3 3
5 5
4 2
5 2
3 5
5 1
2 3
2 2
4 4
4 4
5 3
1 2
2 1
5 1
3 5
2 5
5 3
2 2
1 3
5 1
3 1
2 1
1 3
4 1
3 4
3 4
3 5
3 4
5 2
1 3
4 1
1 1
1 1
5 2
2 2
5 1
5 2
3 1
5 1
3 2
4 2
1 5
1 2
4 3
3 2
5 3
4 1
3 5
5 1
4 3
3 2
4 1
5 5
3 4
3 1
2 3
3 3
4 1
5 3
1 1
5 1
1 2
1 5
5 5
3 3
4 1
1 4
3 3
1 4
3 3
5 3
2 2
2 3
2 5
5 2
2 5
1 1
5 4
2 2
4 1
2 2
2 4
1 3
1 3
5 5
5 5
5 5
2 3
1 4
4 5
1 2
5 5
5 4
1 3
1 5
2 1
1 4
5 2
1 5
4 4
3 4
4 3
3 1
4 5
2 2
4 1
4 5
1 3
4 2
4 5
3 5
3 1
2 5
3 3
1 1
1 5
3 4
2 2
2 2
4 5
2 1
4 3
2 1
1 2
2 2
2 4
3 4
5 1
2 3
5 1
3 2
1 5
3 3
1 2
3 5
1 1
5 4
5 5
3 5
5 2
5 1
3 4
3 1
1 2
4 5
1 2
2 1
1 1
5 3
3 3
3 5
2 2
3 3
5 5
2 2
5 4
5 2
1 5
2 4
4 1
5 3
4 1
2 4
4 5
1 1
2 3
4 5
4 1
3 2
4 3
2 1
4 4
1 3
5 3
2 3
5 4
4 4
2 2
5 3
2 4
4 5
1 4
4 1
4 3
3 1
1 1
5 5
3 2
3 5
3 2
4 3
1 5
3 4
4 1
2 4
1 1
1 5
4 5
3 4
2 3
1 2
1 3
4 5
3 2
5 1
5 3
5 1
4 5
2 3
1 2
5 1
2 1
5 4
2 5
2 3
3 5
3 3
2 4
4 1
3 3
3 1
1 1
1 3
3 3
5 4
3 5
1 4
5 2
5 1
5 2
2 4
3 3
5 3
3 2
5 4
2 5
1 1
4 2
4 3
1 3
5 1
2 5
2 1
2 3
5 2
5 5
3 4
2 4
2 5
5 5
3 4
3 2
2 5
1 4
3 5
4 1
3 1
1 5
5 3
5 1
1 3
4 1
3 5
2 1
1 4
1 2
4 2
6 6 350
6 7 700
14 8 950
7 9 200
6 6 400
4 8 300
3 6 800
4 5 150
5 8 500
2 3 150
11 7 200
5 4 150
7 8 1000
9 5 500
11 11 200
9 6 350
13 9 400
3 6 350
3 5 900
15 11 500
5 10 200
9 10 700
10 4 700
9 2 750
6 6 700
9 11 900
13 9 1000
11 10 750
3 5 450
7 7 150
6 7 150
11 8 100
6 5 800
6 10 1000
6 2 800
6 7 100
10 12 400
3 4 750
7 12 300
7 13 1000
5 5 650
9 4 1000
7 6 500
14 6 550
10 5 150
15 8 550
7 10 800
12 11 750
8 10 500
2 8 250
7 5 600
6 6 350
11 9 850
10 9 350
8 3 600
7 4 650
8 8 750
9 6 800
5 9 500
4 2 100
9 11 450
10 5 950
13 13 300
9 6 950
12 9 500
3 2 450
5 7 700
8 15 650
6 4 950
8 9 450
10 8 950
9 7 900
13 7 100
3 6 500
8 10 950
4 5 750
4 5 100
12 6 250
14 7 500
7 6 850
7 7 950
8 2 250
7 5 950
4 6 550
11 9 600
13 12 650
6 6 250
7 9 850
7 11 300
9 7 400
9 8 350
6 1 750
7 4 500
6 6 300
14 8 650
3 6 450
10 7 300
12 11 1000
4 4 900
13 8 250
6 10 400
10 13 200
5 4 900
9 6 400
7 10 700
9 5 200
5 6 650
6 5 1000
7 11 1000
7 8 700
4 4 700
11 8 400
7 5 800
8 6 650
10 6 450
7 9 450
17 9 900
9 8 150
10 11 100
5 8 750
8 7 1000
4 6 600
6 4 900
7 5 150
13 7 100
4 5 850
6 9 200
9 7 300
6 11 800
15 8 200
4 3 550
6 10 250
7 5 750
13 10 900
10 10 550
5 6 300
5 7 250
8 8 450
9 10 950
11 8 200
4 4 950
6 7 950
11 10 150
7 10 800
5 9 500
8 7 400
8 11 1000
5 2 900
11 10 550
5 11 750
11 8 500
6 8 550
9 12 800
6 10 200
10 11 150
9 8 800
10 9 850
9 7 800
5 7 200
13 5 550
10 4 450
4 4 750
7 11 400
4 7 750
8 9 350
8 10 400
22 21 850
23 23 950
10 11 150
2 10 150
10 3 650
25 2 1000
9 14 200
12 13 850
8 10 100
16 8 300
18 8 800
8 12 850
8 4 200
22 9 100
5 6 400
4 9 700
24 13 650
15 8 700
7 18 600
6 12 450
2 5 200
16 17 250
9 5 1000
24 6 500
10 12 750
16 19 950
24 2 250
16 22 400
20 15 600
7 8 900
23 15 300
25 20 750
6 17 350
2 25 850
