650 231
5 4
5 2
1 3
2 4
5 2
5 4
3 2
2 3
3 2
3 5
5 5
3 1
2 3
4 5
2 2
2 2
4 3
1 1
1 4
2 1
5 4
5 1
2 3
5 5
5 3
2 3
1 3
5 2
4 1
4 4
4 3
4 3
3 1
1 3
3 4
1 5
2 4
3 4
5 3
5 3
1 5
4 3
3 5
1 2
4 3
5 3
2 1
1 1
3 1
3 1
2 4
5 2
4 2
2 2
3 4
1 2
1 5
1 1
4 5
4 4
5 1
5 4
5 1
1 3
4 1
3 4
1 2
2 4
4 5
1 1
5 5
1 4
1 1
2 4
1 4
1 4
5 1
4 1
3 1
2 4
2 1
4 3
2 4
2 1
5 5
4 3
1 4
5 5
2 4
2 3
1 5
3 4
2 2
1 2
4 1
4 2
1 2
2 3
2 1
2 3
4 2
1 1
1 2
1 4
5 5
3 3
1 5
1 1
3 4
1 2
3 4
2 1
5 4
5 5
2 2
5 1
5 3
2 3
5 1
2 4
5 1
4 2
1 3
5 2
3 2
5 2
1 4
1 1
5 4
4 1
5 1
3 4
1 1
3 2
4 5
2 3
4 4
1 2
1 1
5 3
1 5
2 2
1 5
4 4
1 2
4 5
1 3
5 2
5 1
5 1
3 4
2 2
3 5
5 1
2 3
4 1
5 5
5 5
1 5
3 5
2 1
5 3
2 5
3 1
5 4
4 5
3 1
4 2
5 2
2 4
1 2
3 1
3 3
5 1
4 1
1 1
5 5
4 5
3 5
2 5
2 1
4 2
3 2
4 2
2 2
5 1
1 1
1 3
4 3
4 3
4 4
2 5
2 2
1 2
4 4
3 3
2 5
2 1
2 4
5 2
4 2
5 5
5 1
3 3
3 5
5 3
3 2
4 4
1 1
2 4
2 4
3 1
2 4
4 4
2 1
5 2
5 4
4 4
3 2
2 3
1 5
4 1
2 3
3 4
5 5
1 2
1 2
3 3
1 3
4 3
2 5
1 2
1 2
2 1
3 2
3 3
5 1
3 2
5 3
4 1
3 1
3 5
4 4
2 4
2 5
3 3
5 2
5 4
3 5
5 4
2 1
1 5
3 4
1 3
5 2
4 5
4 4
4 4
3 4
4 3
3 1
2 5
4 5
3 2
2 4
3 4
1 4
5 3
3 1
3 3
1 1
2 1
4 2
4 5
2 4
1 2
2 4
4 2
2 2
4 5
2 3
4 4
5 5
5 1
3 5
3 1
1 5
5 3
5 2
3 1
4 2
1 4
3 1
2 4
4 5
4 1
5 5
5 4
4 3
5 1
3 5
3 1
5 5
2 1
3 2
3 3
1 3
1 2
2 4
3 3
5 4
2 5
1 2
4 3
5 1
1 1
5 5
2 5
4 2
2 3
3 4
4 5
3 4
2 3
2 3
5 4
4 1
5 1
5 1
4 1
1 5
1 1
5 2
1 1
1 3
1 3
4 3
2 4
1 3
2 1
4 1
2 2
4 3
5 4
5 1
3 1
5 3
5 1
4 4
2 2
4 4
1 4
4 1
4 2
3 3
5 3
3 4
2 5
4 3
3 2
2 4
1 5
3 1
3 2
5 4
2 3
5 2
2 1
4 3
2 5
2 2
3 4
3 2
5 3
5 3
4 5
4 4
3 2
1 1
3 3
3 4
4 4
3 3
5 3
3 4
1 4
5 5
3 3
5 4
3 5
5 5
5 1
2 1
1 3
2 2
1 5
2 2
5 4
1 5
4 1
4 1
4 3
3 4
5 4
5 4
4 2
4 5
1 5
3 4
4 4
2 3
2 5
5 3
4 4
5 3
3 5
1 5
2 4
2 3
4 2
5 5
2 5
1 2
5 5
4 4
1 5
1 3
4 3
5 3
1 3
2 1
4 3
3 1
2 4
3 4
3 4
1 2
1 1
2 1
4 3
2 1
1 3
3 1
4 3
3 2
2 4
1 3
2 4
2 2
2 4
5 2
1 4
2 1
5 4
3 5
3 1
2 5
3 2
1 1
5 2
2 5
1 5
2 2
2 3
4 3
4 5
4 5
1 2
5 3
1 2
3 1
3 2
1 3
4 2
4 5
5 4
3 3
4 1
2 2
3 5
1 5
5 3
1 3
1 4
2 5
4 1
4 1
3 1
3 5
2 5
3 3
1 5
2 5
3 3
4 5
3 1
5 1
4 3
5 3
5 3
2 5
4 5
2 3
1 5
3 5
4 3
3 3
3 1
1 4
3 2
1 1
3 3
3 1
5 5
5 5
1 2
3 4
5 2
5 2
4 3
5 2
4 4
2 3
2 5
5 1
5 1
1 3
3 2
3 5
1 4
4 3
2 5
3 1
5 2
4 5
3 5
4 4
4 1
1 5
5 3
1 3
5 1
2 1
3 3
1 2
2 5
1 3
2 2
3 1
5 4
2 1
5 5
5 5
3 1
3 5
5 2
1 2
5 3
4 4
1 4
2 3
3 1
2 2
1 3
4 4
2 2
1 1
3 4
2 5
5 3
3 3
4 4
3 5
3 4
4 1
3 5
4 4
5 2
4 4
1 4
1 3
4 5
2 1
4 2
4 5
2 2
4 2
1 5
5 3
3 3
5 1
3 1
5 3
3 4
5 2
4 4
2 1
4 5
5 2
3 4
4 2
2 2
5 5
2 1
3 2
3 4
4 4
3 3
5 3
5 5
3 2
4 1
1 4
5 4
2 4
5 5
3 5
3 4
3 1
3 1
4 4
1 1
2 3
5 4
2 5
5 4
2 5
3 5
2 5
4 5
2 5
1 1
2 3
4 2
4 5
4 1
2 1
4 4
3 1
2 1
2 1
3 2
1 1
5 2
4 2
3 1
4 2
5 1
5 3
1 1
5 4 900
3 5 100
11 12 700
6 9 200
10 13 350
9 7 650
6 9 700
11 9 600
11 9 100
5 12 700
9 8 350
14 5 750
4 8 350
12 9 850
5 4 100
8 6 250
9 4 950
9 10 500
3 6 550
5 6 1000
7 9 150
8 5 450
5 11 400
7 7 550
8 14 600
7 10 500
7 4 300
6 4 600
9 13 850
9 8 100
14 14 850
7 12 450
10 13 350
7 3 800
7 11 850
2 6 900
6 6 400
8 9 750
9 5 650
8 8 900
2 2 500
10 10 450
4 9 850
6 11 450
12 7 450
7 7 950
5 5 550
2 7 300
9 9 500
2 7 550
6 3 600
6 7 900
6 7 850
6 3 850
3 9 850
7 6 750
10 7 100
12 12 100
7 7 700
7 10 900
6 3 450
18 9 900
7 5 200
5 5 750
6 15 250
8 8 650
10 7 550
8 8 450
6 3 350
7 11 1000
5 4 700
6 8 500
6 5 150
5 9 600
6 12 100
7 6 100
8 16 350
8 8 150
11 7 950
5 6 400
6 9 700
8 10 500
5 5 100
9 12 1000
9 11 200
14 5 900
5 11 750
7 3 1000
6 8 650
13 4 300
10 5 950
9 7 500
6 2 350
15 4 950
9 8 600
7 6 200
5 8 950
12 14 500
8 6 250
7 6 150
13 7 650
10 4 400
6 6 750
13 11 450
6 9 550
6 6 1000
5 7 800
10 5 700
5 11 850
4 4 150
8 7 200
6 5 950
8 6 700
8 9 800
3 6 400
8 4 1000
8 4 450
7 4 400
6 3 900
10 10 950
6 4 200
10 13 150
11 19 600
8 5 400
5 8 900
10 12 800
8 6 250
7 3 700
8 6 100
3 6 650
7 5 1000
6 10 550
8 6 150
15 5 750
11 6 300
7 8 950
9 4 600
7 5 250
14 10 1000
8 3 400
5 4 250
4 3 750
3 10 450
5 4 800
13 7 450
11 11 100
8 5 550
6 2 150
6 5 850
2 5 400
9 6 100
5 10 700
11 10 400
9 9 750
10 6 400
8 11 950
4 4 800
10 12 200
9 11 1000
3 3 600
11 7 450
12 12 200
4 2 900
8 8 500
9 6 650
4 6 550
9 9 850
5 3 150
5 5 100
8 6 400
7 8 250
12 9 150
14 7 200
9 17 550
5 5 700
4 3 950
5 11 500
16 9 350
10 10 700
7 6 600
9 5 250
6 2 950
8 6 450
7 9 600
7 5 100
8 6 200
4 8 750
6 9 500
7 5 150
9 12 200
4 7 900
5 2 100
24 3 600
5 16 950
17 10 250
16 4 100
21 25 950
2 18 350
15 11 450
25 22 200
6 10 700
25 15 150
10 25 100
25 7 150
1 8 900
1 13 950
21 16 600
11 10 850
12 20 450
24 4 350
22 22 950
9 8 800
5 10 900
9 25 150
5 16 250
10 17 550
16 14 650
1 9 250
12 10 950
11 14 450
2 6 100
18 6 1000
20 4 800
11 16 100
14 3 350
11 24 200
23 17 800
15 12 500
21 21 600
24 15 400
8 6 700
