700 239
3 5
3 2
2 5
3 2
4 5
1 5
3 1
4 4
4 2
2 3
5 3
1 5
4 4
5 4
4 3
2 5
5 3
2 3
4 4
1 4
3 3
5 5
4 2
5 3
4 4
4 4
3 2
1 4
3 1
5 4
5 4
5 1
2 4
3 3
4 2
3 1
5 4
5 5
4 5
1 5
3 2
5 5
4 2
2 3
1 2
1 5
5 4
1 4
2 1
3 2
4 2
4 4
4 4
3 1
1 5
4 4
2 4
1 2
5 1
2 1
5 4
3 2
5 4
2 3
4 5
1 4
2 4
2 4
3 1
2 1
5 2
1 1
2 2
3 3
2 1
5 3
2 5
2 5
1 1
4 3
4 5
2 1
5 4
3 4
2 2
2 5
2 5
2 2
4 5
2 4
2 5
5 2
1 3
4 5
3 2
1 3
5 3
5 4
3 5
5 4
4 5
3 3
3 2
3 1
1 2
4 5
4 2
1 3
3 5
3 4
2 1
2 5
4 4
2 1
5 1
2 3
2 5
3 5
3 3
1 1
2 3
2 2
5 3
3 2
4 3
2 1
2 3
1 2
3 2
5 1
5 2
1 5
1 5
5 2
3 3
3 3
2 4
5 4
2 5
4 1
5 5
4 4
1 1
5 3
2 2
3 1
4 3
1 3
1 4
2 4
4 4
5 4
5 4
2 2
3 1
3 4
4 2
3 3
4 1
4 3
5 2
2 3
5 2
3 3
2 1
4 3
2 4
5 3
1 4
1 1
2 2
3 2
5 2
1 5
2 4
4 2
1 1
1 3
1 2
5 2
4 4
4 5
4 3
3 3
5 2
1 2
2 4
1 5
3 5
3 2
5 3
2 1
4 4
5 3
2 5
3 3
1 3
3 5
1 3
2 5
5 5
4 5
5 3
5 3
5 2
4 2
3 1
3 1
5 1
1 4
2 4
4 3
4 2
3 3
3 1
4 3
3 5
2 5
3 5
2 2
3 3
4 2
1 5
5 5
2 4
3 1
2 5
3 5
2 4
2 2
4 2
2 3
1 3
5 1
3 5
2 2
3 4
1 1
4 5
3 2
5 3
2 2
3 1
5 4
4 3
5 4
3 4
5 1
3 3
3 2
5 3
5 1
2 5
2 1
1 1
5 2
3 1
4 2
2 4
4 5
5 2
3 1
3 4
4 1
4 1
1 1
3 3
2 4
5 3
3 3
1 3
4 4
2 3
3 2
2 1
5 5
1 1
1 2
1 5
5 1
2 3
3 2
5 4
3 2
3 4
1 2
4 3
2 2
3 4
2 5
3 2
1 4
5 2
5 5
4 2
3 1
2 1
4 4
2 1
4 4
5 2
5 1
4 2
3 1
5 1
5 5
1 3
2 1
5 5
5 5
5 2
5 4
5 5
3 2
5 5
3 5
1 4
5 3
3 4
2 1
5 4
2 5
4 1
1 4
5 1
4 3
2 2
3 1
2 3
3 1
1 5
3 2
3 2
1 3
3 5
4 1
4 5
1 3
3 4
3 2
4 4
1 4
2 1
3 3
5 3
4 2
3 4
1 5
4 3
3 2
3 3
3 2
3 1
4 2
5 2
5 3
4 2
2 5
5 4
3 3
5 3
3 5
4 1
2 4
3 1
1 5
1 1
2 4
2 4
2 2
3 2
2 4
1 3
2 5
3 2
4 1
4 3
3 5
5 5
2 3
4 2
4 2
1 2
5 4
5 2
2 2
1 3
5 3
5 2
4 1
5 5
3 5
2 3
4 5
4 4
1 5
3 3
3 4
1 5
4 2
2 4
3 3
2 5
3 5
3 4
3 5
1 4
3 4
4 4
4 3
1 5
4 4
5 1
4 2
5 1
4 4
5 5
2 1
5 2
2 4
1 2
4 1
2 3
4 1
5 4
3 2
3 5
4 3
5 5
4 3
2 5
5 4
3 5
4 3
2 4
1 2
4 4
5 4
3 5
3 5
5 3
5 5
1 1
4 5
2 4
1 3
3 4
3 5
5 1
5 2
1 3
4 2
1 1
2 5
4 2
1 3
3 2
1 3
5 5
2 5
2 5
1 2
2 3
1 1
5 5
1 1
4 1
5 5
4 4
3 5
2 3
1 1
3 5
5 1
1 4
1 3
2 3
2 1
5 2
2 1
2 5
2 4
4 2
1 4
2 2
5 5
4 5
2 3
4 4
2 4
1 5
3 1
4 4
1 2
1 2
2 2
1 5
1 4
3 4
1 4
3 2
1 3
1 5
1 3
2 1
4 3
5 5
1 3
2 2
3 2
1 1
1 3
4 5
4 2
1 4
4 3
5 1
1 1
3 5
4 3
4 3
5 4
2 3
1 2
5 4
5 4
2 5
5 1
5 5
3 5
5 4
3 4
1 1
2 1
4 5
1 4
4 1
4 2
4 5
5 1
5 1
5 1
2 2
3 2
1 4
5 2
2 1
3 3
2 5
5 1
3 3
2 2
1 2
4 5
1 5
2 4
1 5
4 1
5 5
2 5
5 3
3 5
4 5
3 5
3 4
5 1
4 5
1 5
1 1
2 2
1 1
4 2
2 1
4 2
5 3
2 1
3 3
3 3
2 5
5 2
1 4
4 2
3 2
3 4
1 1
4 4
2 2
3 2
1 3
1 4
5 3
1 4
1 2
3 1
3 3
1 5
3 5
1 4
5 2
1 1
3 1
1 2
4 1
5 1
1 1
4 3
3 3
1 3
5 1
4 5
4 5
3 1
5 1
2 4
3 2
5 3
5 1
1 3
2 3
5 3
1 5
4 2
1 1
4 3
3 1
3 5
3 3
4 4
4 3
5 2
3 4
3 1
1 5
5 4
3 5
5 5
4 4
2 1
3 1
4 2
4 3
4 1
4 1
1 5
4 1
2 4
1 3
5 1
3 3
4 3
5 3
3 4
1 1
2 1
1 3
4 1
3 5
2 5
5 1
2 5
5 4
5 5
2 2
1 3
3 5
4 5
2 3
3 4
1 4
1 5
2 3
4 1
5 1
1 3
2 4
2 5
1 1
2 2
4 3
1 1
1 2
1 2
5 4
5 4
4 4
2 2
4 5
3 3
3 1
1 5
4 5
1 5
1 1
2 4
1 4
5 1
4 2
5 5
2 3
4 4
15 8 650
14 10 650
8 10 850
6 8 700
7 4 800
11 6 450
9 9 500
6 7 150
12 10 750
8 5 200
5 7 800
8 9 350
10 11 350
10 8 850
4 6 800
6 12 550
7 10 600
3 4 750
9 9 800
15 6 850
6 6 400
5 9 400
9 5 850
7 6 150
10 11 600
6 7 200
7 5 400
10 6 200
6 6 750
6 6 800
6 9 300
12 7 850
6 7 400
4 5 250
6 7 450
9 7 450
7 14 950
5 7 800
13 14 150
3 3 650
6 8 650
12 9 200
2 3 400
10 4 400
10 4 750
5 7 350
10 7 850
8 11 250
7 8 400
3 6 600
12 11 300
5 3 400
11 10 800
5 5 100
8 13 650
8 5 800
14 9 100
6 3 1000
6 9 800
6 8 150
11 10 400
8 11 350
12 10 950
11 12 250
8 6 550
10 14 950
8 7 150
10 8 650
9 8 150
6 7 250
8 9 600
13 15 500
8 10 950
9 6 550
6 6 800
5 5 400
8 7 500
6 5 500
8 11 150
5 6 750
10 9 450
6 8 750
12 5 300
8 8 100
7 10 1000
6 4 100
9 7 650
5 5 650
11 6 300
5 10 200
3 4 200
3 6 550
13 13 650
6 7 500
11 5 950
3 9 200
2 7 500
5 10 200
11 11 650
8 14 150
7 9 600
8 8 850
8 14 350
7 9 250
7 13 700
7 6 500
4 7 200
4 2 450
9 7 750
5 4 550
5 8 400
9 3 800
9 11 700
9 8 650
6 4 200
8 8 450
6 5 250
4 5 700
9 7 900
5 8 700
6 6 350
6 6 700
6 8 350
11 8 400
6 14 400
3 5 450
11 8 1000
7 9 500
14 14 100
12 9 600
12 12 800
6 5 150
10 18 850
4 5 600
9 7 800
8 4 200
5 8 450
8 7 450
5 6 250
7 11 850
10 9 700
7 7 900
3 3 450
10 11 850
5 5 750
10 5 850
2 6 700
4 9 600
6 9 900
9 12 250
10 7 850
8 9 600
2 4 750
9 10 600
4 8 350
10 6 150
6 7 150
4 5 850
11 7 450
9 8 550
3 5 750
5 9 500
8 12 750
9 9 200
12 10 1000
6 9 350
9 10 600
10 7 500
7 11 150
9 9 100
7 4 300
13 8 750
15 10 450
5 6 350
13 8 250
9 9 1000
12 11 750
8 7 850
15 13 200
6 10 200
8 6 650
6 11 100
8 10 850
5 7 200
7 5 300
6 6 950
9 8 300
11 11 150
5 8 750
7 3 850
5 2 150
9 10 900
5 3 300
8 9 600
5 3 800
6 7 150
13 7 750
8 8 950
5 7 250
2 21 650
13 13 350
1 7 600
11 8 150
23 21 850
25 23 800
9 16 450
21 16 100
18 5 250
1 25 400
16 14 700
9 10 550
19 3 1000
8 5 900
13 23 200
9 23 500
12 11 300
25 19 300
19 17 100
25 4 100
15 6 350
7 12 950
19 5 1000
12 14 500
14 12 800
4 15 900
6 12 650
8 7 400
2 15 1000
9 23 800
19 25 600
24 15 450
23 10 900
13 6 700
3 24 900
21 8 1000
16 16 300
6 2 750
11 25 750
12 18 800
