750 250
2 5
1 5
5 1
3 2
4 3
5 4
5 1
3 2
3 4
4 5
5 1
1 4
5 4
1 4
2 3
3 5
4 5
1 3
2 4
4 3
2 3
4 4
2 4
4 4
5 5
5 3
4 4
2 5
3 4
5 2
4 4
2 2
3 4
5 5
1 2
3 4
3 4
2 4
2 5
5 5
5 1
3 2
2 5
5 2
1 2
1 4
5 3
1 3
4 3
5 1
5 2
4 4
4 5
4 1
1 3
1 3
1 3
4 1
2 3
3 2
2 2
1 4
4 2
3 5
1 3
2 4
3 2
4 4
4 2
2 2
4 5
4 5
4 4
5 2
3 4
3 4
5 3
5 2
3 2
1 2
1 3
2 5
4 2
4 4
4 2
2 4
4 2
5 5
3 2
3 4
3 2
1 1
3 3
2 1
2 2
1 1
2 4
4 5
5 5
2 5
3 2
2 3
3 4
3 3
4 1
1 5
3 3
4 3
1 5
4 1
3 4
1 3
2 4
1 2
2 1
3 4
3 1
4 2
5 2
5 1
5 4
5 5
1 4
1 4
2 4
4 3
2 2
3 5
3 4
1 3
5 2
3 3
1 3
5 4
2 1
3 5
3 4
4 2
4 5
4 3
3 3
5 4
5 2
3 1
2 4
2 3
4 3
1 1
3 4
1 4
1 1
4 3
2 5
4 5
1 4
2 2
3 2
4 5
1 4
3 1
4 2
3 4
1 2
5 1
1 4
1 4
3 1
3 2
2 1
3 4
3 5
1 4
3 1
5 1
4 5
3 2
5 4
2 5
4 4
1 2
4 1
3 2
1 5
4 1
2 4
4 5
2 4
5 2
2 4
2 1
1 5
2 1
1 4
5 1
5 5
5 3
5 5
4 3
4 1
4 5
5 5
5 1
1 3
2 3
3 4
1 4
2 3
2 5
4 1
5 4
2 5
4 1
2 3
1 4
5 3
1 2
2 1
5 2
3 2
1 1
3 1
2 3
1 1
5 5
4 5
1 5
3 4
4 2
4 2
1 4
5 3
1 5
5 1
5 2
5 3
2 2
2 4
1 4
2 5
2 1
5 1
4 1
2 5
2 5
1 1
5 3
3 3
4 5
4 5
3 2
2 1
4 2
4 1
1 1
5 3
5 5
3 2
4 5
2 3
1 3
4 3
4 4
3 5
5 4
4 2
3 3
1 1
3 5
2 5
3 3
1 1
3 3
1 3
4 4
2 1
4 2
1 5
1 3
1 4
1 1
5 3
5 4
3 3
4 2
4 3
5 1
4 1
1 2
3 2
4 4
4 2
2 5
5 3
2 5
2 1
3 4
5 2
4 4
5 2
4 4
1 3
2 5
2 4
5 2
4 5
3 5
2 5
1 5
3 1
4 5
1 3
3 4
4 4
2 4
5 5
3 5
2 5
5 1
3 4
1 1
5 2
3 4
2 3
4 5
4 2
4 5
3 5
2 4
1 3
2 5
3 1
5 5
4 3
1 5
3 5
5 2
2 5
4 2
4 2
2 3
4 5
2 3
4 4
4 2
5 3
5 5
5 1
3 1
5 2
5 5
4 2
5 4
3 2
5 2
1 5
1 5
1 4
3 2
2 4
1 2
1 3
3 2
5 3
2 4
5 2
5 3
4 1
1 2
2 4
4 2
4 3
1 2
2 4
2 1
5 4
2 5
1 3
5 4
3 3
3 1
1 5
2 4
3 4
5 3
5 1
4 3
4 4
4 3
5 1
1 4
2 2
4 1
3 5
5 2
5 3
3 4
3 2
3 1
4 4
3 3
2 2
1 3
4 3
3 5
5 1
2 3
5 4
2 4
5 1
5 1
4 2
3 1
1 3
3 2
3 5
2 3
4 4
3 1
4 5
5 1
1 3
2 4
4 5
2 1
1 2
2 4
4 1
1 2
1 1
5 1
1 1
1 5
4 3
4 3
3 3
4 2
4 3
4 3
5 1
1 4
1 3
2 1
5 5
1 4
4 1
3 2
5 3
5 4
3 3
5 1
4 1
1 3
5 4
4 4
5 4
2 3
5 3
5 2
4 2
3 2
2 2
4 4
4 2
5 3
5 3
5 2
1 5
5 2
5 4
2 1
5 3
5 2
2 1
1 1
2 3
5 5
5 1
3 5
1 4
2 3
1 5
4 2
1 5
3 3
4 2
4 4
2 1
3 3
1 3
5 1
5 3
1 2
5 1
4 1
3 5
2 3
3 5
1 4
1 2
1 5
2 5
5 1
5 2
4 3
1 5
5 1
5 3
3 1
4 3
3 4
5 4
3 4
4 4
2 2
4 4
1 1
5 3
1 1
3 3
2 2
5 5
5 1
1 1
5 2
4 3
4 3
2 4
1 5
3 1
2 2
1 4
4 4
3 3
5 2
1 4
3 5
1 4
3 5
2 1
3 3
3 1
1 4
4 1
2 5
4 5
4 1
4 1
5 3
2 4
4 5
1 1
2 5
2 5
5 4
5 2
1 1
5 3
5 1
2 1
1 4
1 2
1 1
2 1
2 5
3 4
1 4
3 2
1 1
1 2
1 4
2 2
2 2
4 3
5 2
2 2
5 1
2 5
2 3
3 3
1 5
5 3
1 5
1 2
5 1
4 3
2 4
1 3
2 5
4 5
2 4
3 1
5 4
2 4
5 4
4 1
3 3
4 1
3 2
3 2
1 2
1 3
5 4
2 5
3 2
3 5
4 5
5 3
5 1
2 1
2 2
1 2
2 5
4 3
5 2
4 2
5 2
5 3
5 1
2 4
4 1
5 4
5 5
2 4
3 2
4 1
2 5
1 1
2 3
2 5
2 2
5 4
5 2
1 1
1 3
1 1
5 4
1 5
1 4
4 3
2 5
1 5
3 5
5 5
4 5
2 3
4 1
5 4
2 4
2 1
5 1
2 2
3 2
1 5
4 5
5 1
5 2
1 4
3 5
3 1
2 3
1 1
5 4
4 1
1 1
4 5
2 3
4 4
2 3
3 5
3 2
2 3
4 2
3 2
1 3
5 4
3 3
4 2
4 2
3 3
2 2
1 2
1 5
4 4
1 4
5 4
3 3
4 2
4 4
3 3
3 2
2 5
1 3
2 5
4 3
2 4
1 2
2 1
1 4
1 4
5 2
3 3
3 4
1 3
3 1
4 2
4 2
3 2
1 3
1 5
2 4
1 3
5 1
4 2
1 1
4 2
5 2
1 1
4 2
1 4
1 3
3 3
5 1
5 5
3 3
1 1
3 4
5 3
1 2
4 4
1 3
5 1
4 4
1 4
5 1
3 4
3 5
3 2
3 1
1 3
5 5
2 2
4 3
5 1
5 5
1 1
5 1
4 4
2 2
3 3
4 2
11 11 800
6 10 850
9 8 1000
9 6 100
5 6 350
7 11 800
8 5 200
3 6 750
14 11 250
5 4 100
6 6 250
4 7 200
7 5 250
8 9 850
5 10 500
8 7 950
7 5 600
10 5 300
10 7 450
11 9 800
5 7 550
8 10 700
12 10 950
10 10 600
7 12 750
8 9 250
11 8 250
8 8 850
4 6 200
11 7 300
9 7 700
8 11 850
8 5 450
5 9 500
11 7 550
11 11 600
7 7 200
6 5 300
8 8 250
8 6 600
10 10 100
10 7 400
4 7 700
11 5 550
6 4 350
4 4 400
10 8 450
14 7 150
8 5 550
7 7 150
7 5 500
12 13 100
4 8 650
7 8 150
6 6 200
17 8 500
10 8 350
7 10 550
7 5 500
7 4 500
12 10 100
7 10 400
8 4 1000
12 13 450
4 6 700
11 12 400
7 13 100
6 7 700
8 7 800
12 10 1000
10 8 550
9 10 900
5 5 800
5 3 200
9 9 700
5 5 500
16 11 400
7 5 550
8 8 100
5 8 800
4 6 200
6 7 400
5 4 400
6 9 650
8 6 850
5 7 750
9 5 650
8 9 450
9 8 700
10 10 700
8 10 250
5 6 350
3 8 600
7 7 200
15 12 650
7 12 450
9 9 600
9 9 500
8 12 1000
10 6 550
6 11 650
5 8 200
4 8 200
7 6 650
6 4 650
6 5 450
7 8 150
10 13 400
10 9 150
9 10 400
5 7 450
8 11 200
6 6 100
13 7 700
6 6 100
6 7 600
11 9 650
12 12 550
7 11 850
13 10 1000
8 9 550
9 10 1000
7 9 850
9 8 600
7 3 300
9 4 800
1 6 800
9 6 500
14 11 650
12 7 300
10 6 450
1 5 400
8 8 1000
8 12 150
9 12 100
10 6 250
11 6 300
6 7 750
3 6 450
10 11 950
3 5 350
4 3 550
7 5 800
8 12 400
7 4 150
8 3 600
4 3 300
10 11 650
10 9 850
7 10 550
9 4 750
6 9 950
9 9 350
9 9 450
8 10 550
9 7 750
15 8 300
1 5 450
8 4 650
10 6 650
5 4 500
12 6 950
12 9 600
8 5 900
4 3 950
5 12 400
9 9 550
4 9 950
6 4 900
11 9 400
10 12 300
9 6 750
6 5 200
5 9 350
8 7 650
6 13 750
8 9 700
4 12 700
5 4 200
6 7 300
10 9 300
14 6 450
7 12 300
5 9 900
6 10 500
19 10 350
7 7 100
5 2 700
8 5 650
8 9 950
9 11 350
7 5 950
5 10 800
2 5 800
7 9 250
6 5 200
8 4 900
6 5 300
4 5 150
5 10 1000
2 8 200
5 9 450
10 13 650
8 13 450
4 9 150
5 9 450
8 6 900
9 10 850
7 11 600
11 24 900
8 2 450
5 5 950
10 15 500
17 8 400
24 1 650
10 23 450
2 23 300
18 15 100
13 19 550
1 7 1000
8 18 850
20 13 550
21 1 400
14 7 500
18 20 800
3 5 950
7 11 200
19 3 350
24 3 550
25 21 950
3 23 150
3 5 650
1 22 550
19 17 750
19 11 350
21 11 700
12 21 300
20 3 500
8 16 800
14 6 550
4 24 950
20 13 650
5 1 750
3 7 750
9 10 650
16 16 300
13 2 600
4 16 350
21 19 950
13 17 750
