800 270
2 4
5 3
5 3
3 3
1 2
3 4
4 4
1 2
1 5
5 5
4 5
1 1
1 1
2 1
1 2
2 2
2 4
1 1
5 1
4 1
3 4
2 3
3 4
4 1
1 3
3 5
4 2
4 4
4 4
4 1
1 1
5 3
2 1
4 5
5 1
3 1
3 2
3 1
3 3
2 4
5 4
3 5
4 3
1 2
2 5
2 3
2 5
3 4
3 4
2 4
5 5
4 1
2 4
1 4
4 4
2 3
5 4
1 4
5 2
2 5
3 3
3 2
5 4
5 1
1 3
2 5
1 5
3 1
1 5
4 4
2 2
5 2
4 5
1 2
3 4
4 5
1 5
3 1
3 2
2 4
1 1
2 5
3 2
1 1
4 2
4 2
1 5
2 3
1 2
2 2
1 2
1 4
5 1
3 3
5 2
5 4
3 2
3 3
4 2
2 3
4 5
1 1
4 2
3 4
1 1
1 1
1 1
2 5
4 1
1 1
4 4
4 4
2 3
1 4
2 3
2 2
5 4
1 5
5 5
2 1
4 5
3 4
3 5
2 3
1 2
4 1
1 1
5 1
5 5
2 2
2 4
5 3
3 4
4 3
3 1
1 3
3 2
4 1
4 4
5 1
4 3
5 5
2 1
4 5
5 5
2 2
1 4
5 3
2 4
1 4
1 2
5 1
5 4
4 2
3 3
3 1
4 4
4 1
4 5
2 2
2 5
5 4
5 5
4 3
4 4
1 1
2 4
2 3
3 5
4 3
4 1
3 2
4 1
5 3
2 1
4 1
2 4
2 3
1 5
2 5
2 4
5 1
5 2
4 2
5 2
4 2
5 2
2 5
5 2
5 1
3 2
4 2
5 2
4 1
5 4
2 3
4 3
4 3
2 2
5 4
5 3
1 2
4 3
1 1
1 5
3 3
3 4
2 3
2 3
5 3
4 1
5 4
4 2
5 5
4 2
3 3
5 2
3 5
5 3
4 3
5 2
1 1
2 3
1 3
3 3
2 5
5 1
3 1
5 3
2 5
4 3
1 5
3 1
3 4
3 1
5 5
3 2
3 3
1 1
4 5
2 5
1 3
3 2
3 1
1 2
1 3
4 4
4 2
3 2
4 5
2 2
3 4
2 3
4 4
2 4
5 1
3 3
4 1
3 1
5 1
4 5
5 4
4 4
5 1
1 5
3 4
4 4
2 1
4 3
2 4
3 2
4 1
5 2
3 3
5 3
3 5
3 3
4 5
3 4
2 5
4 5
2 5
1 3
1 2
1 2
1 2
1 1
4 5
1 1
3 5
5 2
3 4
2 5
3 5
5 3
5 1
4 1
3 2
5 1
4 4
2 5
4 5
2 5
4 1
4 3
4 2
3 3
5 4
2 2
1 2
1 2
2 1
1 2
5 3
3 3
4 2
2 1
3 2
4 5
1 1
3 3
3 4
2 3
2 4
5 2
5 3
4 5
5 2
4 5
2 2
1 3
4 1
2 3
5 4
1 3
2 3
5 2
1 3
1 4
4 4
2 2
3 1
2 1
2 2
3 4
3 1
3 3
2 4
5 1
2 2
4 2
3 1
3 4
3 2
3 2
1 2
5 3
2 1
2 4
3 2
2 5
5 5
4 5
5 4
5 4
3 5
2 3
4 3
4 3
1 1
5 2
1 3
3 3
5 5
5 2
2 4
3 4
1 3
4 2
3 2
5 4
4 3
5 1
5 5
2 4
3 4
2 1
5 2
1 5
2 5
2 1
5 5
1 3
3 4
5 1
2 4
1 3
4 3
2 1
4 3
4 1
4 1
2 5
4 2
3 2
1 3
5 1
2 1
5 5
1 1
3 3
3 5
1 2
2 5
3 4
1 3
3 2
1 4
3 3
5 5
4 3
2 4
3 5
2 2
1 4
1 2
2 3
4 3
3 5
5 5
1 2
2 4
3 1
2 2
1 5
2 4
4 5
1 3
2 5
3 5
2 1
5 2
4 2
2 3
1 3
3 5
1 3
5 2
2 1
5 1
1 3
1 5
2 5
3 3
3 4
2 2
1 5
2 4
3 2
5 2
3 1
3 2
3 2
4 4
1 5
2 4
2 3
1 5
4 5
1 1
3 2
3 2
5 2
1 2
1 5
1 1
1 2
3 2
5 3
5 3
4 4
2 2
2 1
2 3
1 5
2 1
5 2
3 5
1 2
4 3
4 1
3 2
5 3
5 2
2 4
5 1
2 3
1 5
5 1
2 5
2 3
1 4
1 1
2 3
4 1
3 1
1 1
1 5
3 4
4 2
3 5
5 1
2 3
2 2
3 1
4 4
4 5
1 2
2 5
1 3
4 4
3 1
3 4
2 2
5 2
3 4
5 2
1 2
5 1
4 5
1 3
4 2
3 5
4 4
5 5
2 4
3 4
3 4
1 3
4 5
5 3
2 3
2 1
1 2
2 1
1 5
5 3
2 5
5 5
3 2
3 2
1 3
1 4
3 3
1 3
5 4
5 2
5 4
3 2
2 1
2 5
5 4
3 2
4 4
5 1
1 2
1 4
4 5
2 4
1 2
1 5
2 1
3 3
3 4
1 4
5 5
1 4
2 4
2 4
4 3
5 1
3 1
1 1
5 1
1 1
3 4
5 5
2 3
3 1
1 5
2 1
5 2
4 3
3 4
2 3
4 3
3 1
4 2
5 5
5 1
5 3
2 3
3 3
2 1
4 2
2 4
2 5
2 3
5 5
4 1
2 5
3 4
3 1
5 5
1 2
2 4
3 3
1 2
2 2
4 1
5 1
3 1
1 5
5 5
5 5
5 4
1 1
4 2
3 2
1 1
2 3
2 4
2 2
5 3
3 2
2 2
4 1
2 4
5 3
3 4
4 2
3 4
2 5
5 4
2 5
1 2
1 2
3 3
2 2
5 1
2 3
1 2
3 4
2 5
2 1
2 4
4 3
5 2
2 3
5 4
3 5
3 2
5 1
3 2
4 1
5 3
4 2
2 5
4 4
1 1
4 4
3 4
4 4
5 1
4 4
1 5
4 2
1 1
1 5
2 1
1 2
3 4
1 4
4 4
5 2
2 5
4 4
3 1
5 5
2 3
1 3
4 3
5 5
4 5
5 3
1 5
5 4
5 3
3 2
4 2
1 4
4 1
4 1
2 5
5 5
3 4
1 2
1 5
5 4
4 3
1 5
5 2
2 1
1 5
4 3
3 5
1 4
3 3
4 5
2 2
1 3
1 4
5 2
3 4
2 5
5 4
2 2
4 1
4 2
3 1
3 2
4 1
5 5
2 4
4 3
4 1
3 5
4 1
4 3
3 3
3 1
3 4
5 5
2 2
1 1
1 3
2 4
4 3
1 1
1 1
3 3
5 3
3 1
4 4
3 1
2 5
1 1
3 4
1 2
3 2
1 1
1 5
1 1
1 1
5 3
1 4
2 3
5 2
2 5
2 1
4 1
1 3
4 5
5 4
3 2
5 2
5 2
3 1
1 1
1 3
2 2
1 3
1 5
1 3
5 3
4 1
5 2
2 3
1 4
2 2
4 2
3 4
2 3
5 3
3 3
2 4
3 1
4 2
5 2
2 5
6 6 150
5 8 650
9 8 350
6 4 100
3 3 250
7 5 300
7 9 150
9 10 1000
7 11 650
5 6 650
10 2 150
13 11 950
9 9 300
3 8 600
6 11 600
13 9 600
3 4 150
7 5 1000
7 11 650
7 12 100
7 8 900
12 8 850
11 7 500
10 9 800
9 3 1000
8 7 850
7 5 800
5 7 250
7 9 450
8 14 800
8 4 550
6 5 250
7 9 1000
5 4 550
3 4 600
13 8 200
5 2 100
10 3 750
12 6 500
12 13 400
5 8 850
10 7 700
10 14 350
6 9 700
6 12 900
6 5 650
8 6 100
5 4 850
12 16 150
10 9 850
11 5 600
10 12 150
9 8 300
11 5 550
8 7 400
8 8 450
16 14 600
5 4 200
9 10 350
9 7 900
7 5 150
7 9 500
12 10 550
3 5 700
9 10 600
9 6 950
7 10 350
10 11 700
9 7 550
11 9 750
5 7 300
11 8 550
8 12 400
4 7 250
2 6 1000
9 7 800
8 6 950
10 6 100
8 10 150
5 10 300
14 11 700
9 7 950
11 9 200
5 8 850
10 6 900
10 6 150
6 5 750
16 10 750
8 4 1000
9 9 650
6 7 200
2 3 300
9 10 750
13 6 600
13 10 250
7 9 400
8 9 1000
6 12 450
8 8 550
12 8 300
6 6 250
5 9 350
2 2 900
9 12 350
8 8 950
5 8 750
9 12 100
7 4 600
8 7 500
9 9 850
4 10 200
9 5 400
10 7 750
7 5 500
8 6 200
9 6 100
10 10 900
8 5 100
3 6 900
8 3 350
8 10 900
10 10 400
6 6 500
4 3 450
4 11 600
6 4 300
7 4 450
12 8 100
8 10 100
10 12 100
4 6 550
10 12 900
6 7 350
10 7 850
3 8 450
5 8 800
10 8 300
8 7 900
2 5 850
8 8 450
10 9 900
5 4 150
12 9 200
8 5 150
11 5 350
3 2 1000
5 10 650
5 5 650
8 9 400
9 11 250
7 9 850
7 8 500
8 10 350
5 6 800
14 11 950
9 8 600
7 7 100
3 8 550
8 9 400
10 9 800
3 3 850
6 5 700
6 6 100
9 4 650
2 6 100
7 10 800
7 5 550
10 10 950
10 9 700
11 10 950
9 8 950
9 6 450
13 7 350
7 8 500
15 3 300
9 6 450
5 3 550
6 11 900
2 7 300
5 2 800
12 13 350
7 10 500
8 12 250
9 5 900
3 3 100
8 11 300
5 5 950
11 9 650
6 6 750
7 14 800
5 9 800
2 4 850
9 9 700
12 13 300
10 12 300
7 6 300
9 5 400
7 8 350
10 9 650
9 6 500
11 9 750
4 9 600
7 8 600
5 3 800
3 6 150
10 9 100
6 5 1000
7 10 450
8 5 300
14 13 850
9 8 900
11 3 350
1 6 250
5 7 1000
2 4 900
7 8 600
7 6 400
7 5 350
9 10 900
8 6 400
10 7 300
11 6 100
5 5 250
10 7 550
5 5 550
20 12 650
20 12 750
24 23 450
5 23 350
6 23 950
19 11 250
21 15 900
20 3 100
2 11 900
18 13 950
4 8 800
19 18 750
2 25 200
1 13 650
15 8 450
16 11 500
20 15 600
19 15 850
13 8 550
16 19 250
7 19 250
15 12 200
7 14 750
4 4 450
13 12 450
10 15 950
20 9 550
25 16 400
11 25 150
19 6 500
18 7 300
20 25 600
3 14 900
24 4 150
9 21 700
20 1 150
9 10 100
5 4 350
15 3 500
4 3 800
4 20 250
16 24 350
25 11 850
23 20 250
20 11 400
