850 299
1 5
3 2
5 5
1 3
2 2
2 2
4 3
5 5
5 1
1 3
5 4
5 1
4 5
4 4
3 2
4 4
2 3
3 5
4 1
1 5
2 1
3 4
1 4
1 3
4 4
3 5
2 4
5 2
2 4
3 3
2 5
4 1
3 5
4 1
4 4
1 3
3 1
3 3
5 3
3 5
1 4
5 1
1 5
5 2
2 3
3 3
4 2
3 2
5 5
4 5
4 1
2 4
4 5
2 2
1 1
2 5
2 4
4 2
3 5
1 1
5 3
2 5
3 2
4 1
4 2
5 3
3 2
5 4
3 5
5 2
3 3
4 4
3 2
5 5
3 2
5 2
2 2
2 3
5 2
3 2
4 3
4 3
2 3
5 3
5 5
5 2
2 3
1 1
4 4
2 1
3 2
5 1
5 3
5 1
2 1
5 3
2 5
4 5
5 1
1 1
4 5
1 5
1 3
2 4
2 5
3 1
2 4
5 2
3 5
1 1
2 2
5 4
1 2
5 3
2 3
2 3
1 4
3 1
5 1
1 3
4 3
1 5
5 3
3 1
2 2
2 1
3 2
2 5
5 1
3 5
4 2
1 4
3 2
2 1
4 3
4 3
1 1
5 1
3 4
4 2
5 2
5 2
4 4
5 4
3 3
5 4
4 3
3 5
3 1
1 3
3 3
2 3
4 4
4 4
3 1
1 4
1 5
5 4
3 4
3 1
4 1
4 3
5 2
5 3
2 1
5 3
4 2
2 2
5 1
2 4
1 2
1 2
3 4
5 3
2 4
5 2
2 5
4 3
4 1
1 2
5 2
5 3
3 4
2 2
4 4
3 3
1 1
2 4
1 4
2 2
4 4
5 2
1 2
4 3
1 3
4 2
3 3
3 3
1 1
2 1
3 5
2 2
1 5
2 1
5 2
4 4
5 2
3 4
5 2
4 2
4 3
4 4
2 3
2 3
3 5
1 2
1 3
3 4
5 1
3 3
1 1
5 1
3 5
1 5
1 5
3 1
3 4
5 4
1 2
4 2
4 4
4 5
5 4
3 3
2 2
1 3
2 3
1 4
3 3
1 4
5 4
2 3
2 5
5 4
3 5
1 5
1 1
1 5
3 2
4 4
1 4
1 2
4 3
3 5
4 2
5 3
5 2
3 3
4 5
4 3
1 5
1 3
2 3
5 2
2 5
5 1
1 2
4 2
4 1
2 2
1 4
5 2
2 2
4 1
5 1
5 4
1 1
3 3
2 3
2 3
5 3
5 4
3 4
4 4
1 2
5 2
3 4
1 1
3 2
3 1
1 2
5 4
3 3
1 3
4 4
3 3
5 2
3 5
4 2
2 5
3 4
4 3
2 3
1 4
1 3
4 1
4 2
5 2
2 5
5 3
5 2
2 1
4 5
4 5
1 4
1 2
3 1
3 4
3 4
3 4
1 4
3 3
3 3
1 3
3 5
3 1
5 2
2 3
2 4
1 1
1 3
2 3
2 5
3 5
3 3
4 3
4 1
5 4
1 5
1 4
3 1
5 2
4 4
5 4
4 1
4 4
3 5
5 4
3 2
3 3
2 3
5 1
1 1
1 4
2 5
1 2
5 3
5 1
4 4
5 5
5 4
2 1
2 5
2 5
1 1
2 5
4 5
4 5
5 3
4 4
1 4
5 3
5 4
5 3
3 5
4 1
5 4
5 5
3 5
3 2
2 3
2 2
3 3
2 3
3 5
2 5
2 4
5 5
3 1
1 4
5 1
4 2
3 2
3 5
4 2
3 5
1 5
2 2
3 3
3 3
4 5
1 5
1 5
1 1
3 1
5 1
5 4
2 2
4 1
2 3
3 1
2 4
4 2
3 2
2 5
3 5
5 4
5 3
5 4
5 2
5 5
5 2
3 3
3 4
4 3
3 1
3 4
1 2
4 5
4 4
2 4
4 2
2 4
5 5
4 2
5 2
5 1
5 4
3 4
4 4
2 5
3 3
4 4
1 1
3 5
5 1
5 2
3 4
5 3
5 5
3 4
4 5
4 2
3 4
4 5
3 4
5 4
5 5
5 4
1 1
1 3
3 3
2 4
4 3
5 4
5 2
1 3
1 2
1 4
5 3
2 3
5 2
4 2
1 1
4 2
5 2
5 1
2 3
1 1
2 4
3 5
4 4
5 5
1 4
1 1
3 2
3 5
3 4
3 4
3 1
4 5
3 2
1 5
3 5
5 2
4 5
4 4
3 1
3 2
5 1
2 4
4 4
4 2
3 3
3 3
2 1
2 3
4 3
3 4
5 4
1 5
3 3
2 4
3 1
2 5
5 3
1 1
5 5
2 4
2 4
3 3
2 5
3 4
4 3
3 5
1 2
3 3
2 5
2 4
1 2
1 2
2 3
1 2
4 1
1 2
4 2
2 5
5 2
5 5
4 4
3 2
2 5
2 4
5 4
5 4
2 1
5 3
2 2
1 1
5 4
3 4
3 1
3 3
2 3
2 2
5 4
1 5
2 3
2 3
2 3
4 4
2 1
3 3
5 2
2 4
4 1
1 2
1 4
5 4
1 1
4 4
2 4
4 3
5 2
3 5
4 5
5 1
2 3
4 1
1 3
5 4
4 1
4 3
2 3
5 3
1 5
1 4
2 4
1 2
1 2
3 5
3 5
5 2
2 2
1 2
2 2
4 3
3 3
1 3
1 2
4 3
4 4
2 4
4 1
4 4
3 4
1 5
2 2
4 5
5 2
2 3
4 5
1 1
3 4
5 1
4 1
2 5
3 1
2 1
2 4
5 3
4 5
4 3
5 3
3 1
5 5
4 5
5 4
4 3
1 3
3 3
4 1
4 3
5 3
3 1
5 2
5 1
5 2
4 1
5 4
1 5
3 1
4 4
4 1
4 2
1 2
1 2
1 5
2 5
3 4
3 5
4 1
4 3
1 2
5 4
4 5
2 4
4 1
2 3
5 3
5 2
4 2
4 4
2 3
4 3
3 4
2 4
3 2
1 1
5 1
3 2
1 2
4 4
4 1
2 2
2 1
1 4
5 5
1 5
1 2
5 2
4 4
1 2
4 1
1 5
3 2
1 2
1 1
2 4
4 3
3 3
2 1
3 3
3 1
5 3
1 2
5 3
3 1
5 2
3 3
2 1
2 3
4 4
2 3
4 2
2 5
3 1
1 1
3 5
4 5
4 1
3 4
3 3
4 2
1 5
3 5
4 2
3 2
1 4
1 2
4 1
1 4
4 4
3 1
2 5
3 1
4 2
2 4
4 4
2 4
2 1
2 5
3 3
4 3
4 3
1 5
1 2
2 2
4 2
2 3
2 2
2 3
2 5
3 2
4 5
2 3
3 3
4 3
2 4
5 3
4 1
3 2
5 4
5 2
2 5
4 5
3 4
2 3
2 1
3 5
1 4
5 4
3 4
4 2
4 3
3 2
1 2
2 2
5 1
3 5
1 2
3 4
5 4
1 4
2 4
1 3
4 2
1 5
3 3
5 1
1 4
3 1
4 1
2 5
5 1
3 3
2 4
2 3
1 2
5 2
5 3
5 5
1 5
1 2
2 1
4 1
1 1
4 2
3 4
1 5
2 1
5 2
5 3
5 4
1 3
1 1
4 5
3 3
5 2
1 1
5 1
3 5
4 1
2 3
4 2
1 3
4 2
1 2
3 3
5 2
3 2
1 2
3 2
2 1
5 2
3 5
4 3
5 2
1 2
2 4
3 1
5 5
2 3
3 4
3 5
5 3
2 5
2 4
4 1
4 3
2 2
5 5
3 4
2 5
4 2
4 3
5 5
5 2
4 3
1 4
9 8 950
6 7 500
7 11 900
12 7 650
9 10 800
5 7 750
8 7 250
7 5 450
7 13 500
10 8 900
14 6 150
5 5 750
11 6 100
4 5 700
5 3 900
11 5 550
2 2 700
3 6 850
11 7 150
8 6 300
6 8 600
6 7 800
9 8 950
4 9 700
5 7 500
8 8 800
6 9 750
16 6 450
9 10 250
9 8 700
9 4 100
6 8 350
6 5 700
7 7 700
8 6 400
4 7 400
5 8 950
7 10 250
14 11 850
9 11 600
8 8 300
7 6 1000
11 8 550
12 5 750
6 11 800
8 5 200
12 9 1000
5 12 750
3 3 250
6 6 400
9 9 250
11 6 150
6 3 300
4 6 100
6 7 750
6 10 600
10 7 900
5 7 950
7 5 1000
9 7 550
9 5 200
7 12 850
9 16 500
3 4 150
6 7 400
11 11 250
8 8 450
10 11 350
12 8 150
3 8 800
7 6 150
9 5 150
7 8 750
8 9 800
7 3 450
5 6 850
8 10 850
9 6 800
7 7 250
5 7 450
11 5 800
4 8 750
4 5 350
3 4 300
6 4 850
12 14 400
9 5 300
7 9 700
9 12 750
4 4 450
5 8 550
5 9 100
9 11 500
4 6 250
10 14 500
8 12 650
11 8 650
9 9 850
7 6 650
7 7 1000
8 6 900
8 7 750
7 6 400
7 8 700
7 8 700
4 10 200
9 5 950
3 6 800
12 11 350
4 4 150
3 3 600
10 7 700
6 8 650
9 4 650
11 11 250
8 4 750
9 5 700
8 10 200
7 6 500
9 9 350
7 2 950
7 6 1000
11 9 350
10 9 250
14 7 700
11 7 700
6 10 400
2 8 350
12 7 800
8 4 900
8 4 800
9 7 200
7 5 900
6 6 350
8 13 100
7 8 300
5 3 300
8 8 800
8 5 900
6 5 450
9 7 350
6 1 850
6 10 100
5 7 1000
11 13 850
8 8 450
12 8 500
14 9 750
3 5 750
10 8 500
4 7 600
13 12 700
6 5 350
3 6 900
4 7 650
12 8 100
6 11 750
10 5 300
3 5 300
5 9 750
7 10 650
4 3 950
6 13 500
4 6 850
6 8 600
8 12 100
4 5 250
6 7 300
6 6 350
12 6 800
3 7 500
6 4 150
7 4 600
12 6 700
3 9 550
13 5 500
12 19 900
8 7 850
7 5 900
6 8 850
7 2 1000
8 13 350
15 12 100
11 7 450
7 8 300
10 7 500
6 9 400
5 9 200
14 11 900
13 5 600
7 8 1000
8 5 300
12 9 600
11 8 650
9 3 100
2 3 300
10 5 1000
11 13 100
6 3 200
8 6 350
11 14 600
11 10 1000
4 6 500
8 6 850
13 5 750
7 7 700
3 9 150
10 5 150
3 6 950
3 5 400
8 7 150
11 12 800
9 5 300
9 8 350
8 10 750
15 11 300
9 11 350
14 11 1000
5 4 850
9 11 900
13 13 700
6 10 900
9 6 650
5 7 1000
9 6 500
5 7 300
10 9 300
8 6 950
6 9 250
6 9 250
8 10 250
12 6 550
3 5 650
2 2 1000
9 6 700
7 14 900
7 4 550
8 13 100
9 10 400
9 9 250
7 9 200
7 9 200
12 9 950
7 11 850
5 7 150
10 12 350
8 9 300
6 5 1000
4 3 200
11 16 150
24 9 650
4 19 850
17 8 750
18 20 800
25 18 500
15 17 900
6 5 250
16 4 500
12 15 350
3 8 850
11 17 400
3 15 300
14 9 600
4 24 300
6 14 1000
24 22 150
18 7 250
5 11 850
14 12 400
6 18 750
24 15 100
17 4 800
7 24 500
21 22 300
17 3 100
9 7 800
5 13 750
5 20 1000
16 9 650
15 22 500
13 21 200
11 8 500
22 16 1000
9 25 800
13 17 650
9 7 500
10 17 150
6 13 300
17 21 200
20 18 800
11 2 750
4 17 300
19 24 400
18 19 950
16 15 900
17 22 150
17 12 150
20 9 600
22 16 250
