900 318
4 1
4 5
5 1
4 3
5 5
4 2
4 5
2 2
1 2
5 4
1 5
1 3
4 2
3 3
3 1
2 1
3 3
3 4
2 1
5 3
5 2
2 2
3 3
1 4
5 1
5 4
3 4
2 1
4 2
3 3
4 5
3 2
5 3
4 3
5 3
4 5
2 3
4 4
1 5
5 3
5 4
3 2
2 4
2 2
2 4
2 5
2 5
1 1
2 4
2 5
4 1
3 2
3 2
4 2
2 4
1 3
4 3
3 4
3 4
1 2
1 2
2 3
1 3
5 1
5 3
5 1
5 4
3 5
2 4
3 3
4 1
4 3
3 4
5 3
1 4
3 1
4 3
2 5
2 4
2 5
5 1
2 1
2 3
1 4
4 3
3 3
3 5
5 5
2 1
3 2
2 1
3 2
1 5
1 1
4 1
2 4
4 4
2 4
3 2
5 2
4 3
4 4
4 3
1 4
1 3
1 1
2 5
3 1
5 1
4 1
2 2
4 3
1 5
1 4
2 3
5 5
3 2
3 2
5 3
4 5
4 1
3 4
3 2
2 5
1 1
2 2
2 5
4 2
1 2
1 4
1 2
3 1
2 3
3 1
3 3
3 1
5 5
2 1
2 3
1 1
4 2
4 2
4 5
2 5
1 4
3 2
3 5
5 2
3 5
2 1
2 3
3 5
2 5
3 4
4 4
1 1
5 1
4 5
2 4
4 3
2 4
3 1
4 5
2 3
1 4
5 2
3 1
4 3
2 4
3 4
3 5
3 2
1 5
1 4
1 4
4 5
4 2
2 2
4 3
2 5
2 4
2 1
4 5
1 1
2 5
5 3
4 3
4 1
5 4
3 3
2 2
4 5
1 2
4 3
1 2
4 2
1 3
1 3
5 3
4 3
5 3
4 1
4 5
3 1
1 2
2 5
1 1
3 5
3 2
1 2
1 4
2 3
2 4
4 5
4 2
2 3
5 3
2 4
3 3
5 4
3 2
5 5
2 3
5 5
2 4
4 2
3 1
2 4
1 2
3 4
5 5
4 2
3 1
3 2
5 1
5 5
3 1
4 1
4 1
1 5
1 5
1 3
4 4
4 5
2 4
1 4
3 1
4 5
3 4
1 4
4 1
2 1
5 3
3 3
1 3
2 5
1 5
5 5
4 3
1 2
5 4
3 2
5 3
4 2
5 5
4 4
2 2
2 4
2 3
2 1
3 4
1 2
4 4
4 5
2 4
4 3
2 5
2 4
4 5
2 1
5 2
4 4
1 5
3 1
5 2
1 1
1 4
5 5
2 2
2 1
2 4
2 4
1 1
4 2
3 2
5 5
5 1
4 4
4 4
5 5
3 5
5 2
5 3
3 2
2 4
4 4
2 5
4 2
1 5
4 2
3 4
1 2
2 1
5 4
1 3
2 2
3 4
4 4
3 2
3 1
4 5
5 1
4 3
5 4
2 5
1 1
1 4
2 2
5 3
4 5
4 2
5 4
3 2
1 3
3 2
4 1
1 2
5 3
3 5
2 1
1 5
4 5
5 4
5 3
1 4
1 3
1 3
2 2
5 5
5 2
3 4
4 2
4 2
3 4
4 3
5 1
2 5
2 3
1 3
3 2
2 2
4 5
1 2
1 5
5 1
3 1
1 5
2 1
4 4
1 5
4 3
4 3
4 4
1 2
2 3
3 3
4 5
1 3
1 1
3 3
1 1
1 4
1 2
4 4
3 3
3 3
5 4
5 5
3 4
3 4
5 4
4 4
3 3
1 4
2 3
5 3
5 2
2 2
4 3
5 2
3 3
2 2
5 3
4 1
2 1
3 3
1 4
5 1
3 5
5 1
1 5
5 4
2 2
2 3
2 3
1 3
3 4
4 1
3 4
4 1
4 4
1 5
1 5
2 3
4 1
4 3
4 5
2 3
2 4
2 4
5 3
3 5
2 3
3 4
1 2
2 1
2 1
5 1
4 2
2 3
1 3
2 1
5 5
3 2
4 5
3 3
5 1
5 5
2 3
5 5
3 4
3 3
3 5
5 5
3 1
5 4
5 1
3 4
2 5
5 2
4 4
5 1
1 5
1 2
4 1
5 1
1 4
4 5
3 1
4 1
3 2
3 2
2 4
1 3
3 2
3 1
3 2
3 5
4 2
4 2
2 1
2 2
4 4
1 4
5 1
5 4
3 2
2 2
3 3
3 2
1 5
4 5
3 1
2 2
1 3
4 4
5 3
3 1
3 1
1 2
2 3
3 3
4 5
5 1
2 2
2 4
2 2
3 4
1 1
2 5
5 2
4 2
5 5
2 3
4 2
5 1
3 5
3 2
5 1
5 1
4 3
1 3
5 4
3 5
2 5
5 5
5 4
4 3
1 4
1 4
3 5
3 2
2 4
1 3
4 5
5 2
5 2
5 2
5 5
1 2
1 4
5 5
5 1
1 3
3 3
2 3
2 1
1 4
3 2
4 1
3 3
3 3
5 5
1 3
4 1
4 1
2 3
1 5
3 1
4 1
3 2
4 4
5 5
2 2
3 3
3 1
1 1
4 4
4 4
3 1
5 1
1 5
1 5
4 2
1 5
1 4
1 2
1 1
1 2
4 2
2 4
1 2
1 2
3 3
5 4
1 2
1 3
2 1
1 3
1 5
1 5
5 3
1 3
1 2
4 5
1 2
2 4
4 2
2 3
1 1
4 3
4 5
4 2
5 5
3 5
4 2
2 5
3 3
4 1
5 2
3 2
3 4
5 4
5 5
1 3
3 2
2 2
2 5
5 4
3 2
1 2
4 2
3 5
2 1
4 4
4 1
3 5
2 5
4 1
3 5
5 3
2 1
3 3
1 5
5 3
3 4
4 3
2 2
5 5
4 5
2 5
1 1
4 3
4 2
3 1
4 5
4 5
2 2
3 5
4 2
5 2
4 4
4 4
4 1
3 4
1 4
4 5
5 2
5 2
2 2
2 5
2 5
3 2
5 5
1 3
4 2
3 4
2 3
1 2
5 4
1 2
4 2
5 3
4 2
5 3
1 3
2 2
2 3
3 3
1 3
2 5
1 2
1 3
5 2
1 1
4 5
4 5
5 4
1 1
3 2
5 4
2 2
5 1
2 4
5 1
2 1
5 2
2 5
5 5
4 5
2 2
5 5
5 2
1 2
4 2
3 5
5 1
5 4
1 1
2 2
4 4
5 3
4 5
1 1
3 1
5 3
2 5
4 2
3 3
5 1
2 1
1 5
5 1
3 5
1 3
2 3
5 4
4 1
3 4
5 3
1 1
3 5
3 2
4 1
4 2
4 1
5 2
5 5
2 5
3 2
1 2
5 4
3 2
5 4
5 4
2 1
2 2
5 3
5 4
2 4
4 3
3 1
2 3
3 5
4 2
1 2
5 3
5 5
1 4
3 4
2 5
1 5
2 4
3 3
2 3
4 2
5 4
5 5
3 2
3 2
5 2
1 1
4 3
3 4
5 4
1 5
1 3
4 5
4 1
3 1
5 5
4 2
5 5
5 2
4 1
2 3
1 5
3 3
1 1
1 5
3 2
1 4
4 3
1 2
5 3
1 1
1 5
1 2
5 5
4 3
2 2
5 3
2 4
5 5
3 5
4 5
3 1
2 1
1 4
4 5
1 3
1 2
3 5
2 3
4 3
4 5
1 3
1 5
1 3
3 2
3 1
5 1
2 5
2 5
2 1
4 5
4 3
3 3
5 2
4 1
1 5
1 2
4 2
5 3
3 1
4 1
1 5
1 1
4 5
3 1
5 5
5 2
4 5
3 1
1 1
1 4
3 2
4 5
3 5
4 1
4 3
4 5
4 2
3 2
1 3
4 1
1 1
2 4
3 4
3 2
4 4
4 4
5 3
3 4
2 2
5 3
3 5
1 1
1 1
2 3
4 1
2 5
1 5
2 5
5 2
2 3
4 4
1 3
1 5
4 4
4 3
2 5
2 1
1 2
2 3
2 5
4 3
4 5
5 1
3 5
4 5
1 2
4 5
4 1
5 3
1 4
2 2
3 4
5 3
5 4
6 6 200
5 3 200
4 5 300
7 4 750
3 13 500
7 6 600
5 11 750
9 9 650
9 5 950
7 7 900
11 9 500
3 4 250
10 7 900
9 7 900
8 5 550
5 8 550
11 13 100
8 9 950
5 8 900
6 6 650
9 6 900
8 3 600
7 6 850
9 8 1000
9 4 650
7 12 600
7 9 200
6 6 150
5 7 800
6 4 100
8 8 200
2 5 800
4 5 500
9 10 950
11 11 800
11 7 350
4 6 550
11 9 950
8 9 350
6 12 200
2 5 900
6 7 650
13 13 300
4 3 750
5 7 750
9 7 350
10 6 200
8 8 600
4 7 950
5 6 850
13 10 150
8 7 700
7 6 200
5 6 300
12 5 100
6 4 750
7 10 500
12 9 1000
5 6 800
7 8 250
7 12 400
6 11 300
8 3 400
13 8 850
10 5 300
5 8 400
14 12 400
5 7 950
6 9 800
11 9 600
3 6 950
11 5 800
13 6 850
7 8 600
4 2 200
9 15 900
11 14 900
4 4 950
7 6 800
11 9 300
8 5 750
9 4 1000
7 9 500
6 4 400
10 10 350
5 6 250
6 15 650
6 2 600
9 14 100
8 8 800
5 6 750
10 6 250
10 9 1000
3 7 350
7 9 950
7 10 900
7 6 850
6 4 300
2 4 800
5 10 650
12 8 500
12 5 350
7 7 850
9 7 200
3 7 700
8 14 850
6 3 700
4 5 750
6 9 950
11 6 350
8 11 1000
11 11 150
5 5 700
6 8 750
9 15 500
5 6 1000
4 4 600
6 5 750
6 15 700
4 4 600
4 5 350
5 7 650
12 6 200
7 7 150
5 9 100
6 7 650
7 6 800
9 10 150
4 8 900
6 3 1000
7 10 200
13 7 800
5 6 800
9 7 650
4 5 150
11 7 800
6 4 900
10 5 800
6 5 100
12 10 750
1 3 150
4 10 400
5 5 700
6 9 900
8 3 750
8 8 600
9 3 900
6 5 350
6 9 350
8 8 900
6 11 350
4 7 400
10 11 850
11 5 350
8 8 1000
5 15 400
11 9 700
12 12 250
9 7 550
7 6 250
8 6 600
4 4 400
5 8 650
5 8 350
6 6 950
9 6 800
13 7 500
9 11 900
6 4 900
4 7 400
5 9 1000
14 7 300
5 10 1000
13 8 700
7 10 300
11 7 800
7 8 100
7 9 850
3 7 150
7 8 300
6 3 350
7 15 700
11 7 850
5 8 300
7 7 850
13 13 500
8 8 200
9 5 450
5 5 950
6 2 500
5 6 650
5 5 100
12 6 900
11 6 300
3 8 450
4 2 450
8 9 550
5 7 100
3 6 1000
15 10 100
8 11 700
8 9 150
5 5 950
5 5 500
12 5 100
7 4 450
3 9 1000
10 10 950
6 5 350
6 5 200
7 4 400
6 3 950
9 15 400
9 10 750
6 5 800
11 8 950
5 11 800
8 8 150
7 9 300
2 7 400
7 11 650
3 5 300
4 7 150
7 10 950
6 7 800
10 7 900
5 3 350
7 11 1000
12 8 1000
7 5 550
5 13 650
7 11 350
5 15 1000
7 10 500
8 10 700
7 4 750
8 6 1000
8 11 400
9 8 200
8 4 250
5 5 350
9 5 950
15 8 400
4 4 700
17 5 100
8 9 500
9 8 950
10 12 900
4 9 150
8 10 650
7 10 350
3 6 350
6 10 350
6 5 700
9 12 950
10 10 600
9 7 300
9 14 1000
6 8 750
5 4 200
17 9 700
7 9 350
13 8 250
4 11 200
10 6 500
23 16 650
1 21 750
13 23 700
22 10 450
16 11 300
13 6 850
24 24 700
5 12 550
4 19 600
8 21 650
16 16 250
7 2 600
11 10 500
20 9 250
2 12 500
1 6 150
14 12 600
24 22 650
25 15 100
20 9 500
18 4 600
2 6 200
24 10 500
23 19 100
3 8 900
1 3 400
24 18 150
18 20 900
6 13 150
13 21 700
12 6 500
7 21 450
8 24 150
14 8 850
6 5 1000
13 12 900
23 4 450
9 21 900
15 5 350
23 16 900
9 19 550
2 18 900
4 17 200
25 14 900
9 10 650
6 13 950
9 4 150
8 13 850
12 4 300
3 18 1000
9 21 1000
20 17 700
23 1 300
