950 335
3 3
4 4
2 4
1 3
3 2
4 3
3 1
4 2
4 1
2 3
4 2
5 2
2 5
3 1
4 3
2 5
4 3
1 1
4 5
5 5
3 1
3 5
2 5
4 1
5 2
5 2
2 4
1 3
3 3
5 5
4 5
3 5
3 5
2 2
5 1
5 2
2 1
1 3
3 1
2 2
4 2
4 2
4 5
3 5
3 2
2 2
1 3
4 4
2 1
2 4
1 2
1 5
2 4
5 4
3 2
1 2
1 1
5 3
5 5
2 5
1 2
4 1
2 5
1 4
4 2
3 2
2 1
5 5
2 3
3 5
4 5
3 4
5 3
2 3
4 4
5 4
1 2
1 2
3 4
2 3
5 1
4 4
3 3
1 3
2 5
3 2
3 1
1 4
1 2
2 1
2 1
2 3
4 5
5 3
5 1
2 5
3 4
3 1
5 5
4 1
4 3
1 3
2 3
3 2
4 4
3 2
3 3
1 2
1 2
2 1
3 2
1 4
2 3
5 1
4 4
3 1
4 5
1 5
3 5
1 4
4 4
3 5
5 4
2 4
1 5
5 4
5 1
1 2
5 2
5 1
1 5
4 4
3 4
5 3
1 4
1 3
1 3
2 5
5 4
3 2
1 2
4 3
4 2
1 2
3 1
1 5
1 1
3 5
4 5
5 3
4 3
5 4
4 2
3 4
4 3
2 5
1 5
1 4
3 4
5 1
3 4
2 2
1 5
5 4
1 2
4 3
2 3
1 3
2 2
5 1
5 4
2 2
3 4
4 3
5 1
4 2
2 5
1 4
2 2
4 2
4 3
2 2
5 4
1 2
2 2
5 4
4 2
5 3
2 5
4 1
3 2
4 2
2 5
4 4
4 5
3 5
1 2
1 3
5 3
2 2
1 5
5 4
3 4
1 1
4 2
1 3
2 2
3 2
2 2
5 2
1 2
4 3
3 5
5 2
1 4
5 5
5 5
3 4
1 5
3 2
2 5
5 4
3 4
2 3
5 5
5 5
3 3
3 3
3 3
5 3
5 2
5 3
5 4
2 4
1 4
1 4
4 1
3 5
2 1
3 3
3 1
2 4
2 2
2 1
2 3
2 4
1 1
2 1
4 4
3 5
5 3
2 1
3 4
2 1
5 1
4 5
4 3
1 1
2 5
4 4
5 2
1 1
1 2
1 5
3 5
1 5
2 2
5 2
2 1
3 5
1 2
3 2
5 1
1 2
5 1
2 1
5 1
4 2
3 2
5 1
4 3
3 5
1 4
3 2
2 3
1 2
5 2
5 5
5 1
5 3
2 1
3 3
2 4
5 4
2 4
1 5
2 3
2 1
1 1
5 1
2 3
2 1
3 3
5 2
2 1
3 1
5 3
2 2
1 1
3 5
3 4
4 1
2 2
4 2
4 1
1 2
5 3
3 3
2 2
5 1
2 4
1 1
3 1
5 4
3 3
1 5
2 2
2 1
4 3
2 5
1 2
5 2
5 4
1 1
1 3
1 4
1 4
1 3
3 3
4 3
4 3
1 3
3 2
3 5
4 4
1 3
3 2
3 4
1 2
3 5
5 3
2 1
1 3
2 1
3 1
1 3
5 1
5 2
2 3
5 1
5 1
2 2
5 2
2 2
5 2
5 4
5 5
1 2
3 5
1 2
2 5
2 4
4 2
4 4
3 5
4 3
5 2
5 5
2 1
4 2
1 3
4 4
4 1
4 2
3 5
2 5
5 4
2 1
4 4
1 1
2 2
2 2
4 2
4 2
1 4
5 2
1 2
5 2
1 1
3 2
5 1
4 5
2 1
2 3
2 1
2 4
3 3
5 3
4 4
3 2
4 3
1 2
1 2
1 2
2 5
3 1
4 4
1 1
4 4
3 1
1 5
4 2
3 5
4 4
2 2
1 5
2 2
3 5
2 4
2 1
3 1
4 3
2 1
5 5
4 2
1 3
3 1
1 1
3 4
5 4
3 4
3 2
3 4
1 3
5 4
1 3
1 5
2 5
3 3
2 4
5 3
3 1
2 2
4 2
2 1
3 5
3 4
1 1
4 4
1 3
1 2
4 5
1 4
3 1
5 5
4 3
4 3
5 3
5 5
5 5
2 3
2 1
3 5
5 2
1 4
4 1
5 3
5 5
3 3
2 2
2 3
3 3
4 3
2 3
3 3
4 4
5 2
5 3
4 2
3 4
3 1
3 1
5 5
3 3
1 2
5 4
3 4
4 1
2 1
4 1
2 5
4 4
5 4
5 5
4 3
3 3
2 1
4 3
1 3
3 4
1 1
2 4
5 4
3 5
1 3
5 1
1 4
3 1
2 5
1 1
1 5
5 3
3 5
1 1
1 4
4 2
1 3
3 2
5 2
3 5
1 4
3 1
4 2
1 4
2 2
3 4
5 3
1 3
3 1
4 4
4 5
5 3
3 2
4 1
4 1
3 2
4 4
2 5
5 3
4 4
1 3
3 3
5 5
1 1
3 3
5 4
2 2
5 3
1 2
3 3
2 1
5 1
2 1
4 4
2 1
1 3
5 3
2 5
5 5
3 1
5 5
1 4
1 3
1 3
4 5
2 3
3 2
2 4
4 3
5 5
4 4
2 3
5 3
5 1
5 4
2 2
2 1
1 5
2 5
3 4
1 3
3 5
3 2
5 4
3 4
5 5
2 3
5 2
1 3
4 4
1 1
3 3
5 5
5 3
1 2
1 4
4 3
4 4
3 5
3 2
4 5
4 3
2 3
5 1
2 3
4 4
1 2
4 5
1 5
1 1
2 2
4 5
1 1
5 5
3 4
1 3
5 5
5 1
4 1
4 5
4 3
2 2
3 3
2 1
1 5
1 1
4 1
1 5
5 2
1 5
5 4
4 5
2 4
3 2
3 3
3 2
2 2
5 5
4 5
2 1
3 5
3 4
2 4
5 3
5 2
5 5
2 4
5 2
4 4
4 2
2 3
4 5
3 2
2 1
3 3
1 4
2 2
2 2
3 5
3 2
5 1
5 1
5 4
5 5
1 1
4 5
1 3
2 4
4 5
2 4
5 1
5 5
1 1
4 1
4 3
1 2
5 1
4 3
4 5
4 1
5 5
1 4
1 3
3 3
4 2
4 3
2 2
2 2
4 5
1 4
5 5
3 3
1 4
1 4
3 5
5 4
3 1
4 1
4 4
5 5
1 4
1 5
5 5
2 2
2 1
4 4
1 4
5 1
1 1
2 4
5 4
4 2
4 1
2 4
2 2
5 2
3 4
2 4
1 5
2 4
4 3
3 4
1 5
4 2
4 5
2 2
1 4
3 4
1 1
2 1
3 1
1 2
4 3
1 2
2 3
2 3
1 5
1 1
4 3
3 4
1 4
5 1
4 4
1 2
5 2
5 4
4 5
2 5
2 4
4 5
2 5
5 4
4 2
4 2
2 1
3 5
4 4
2 5
3 4
1 1
2 2
4 1
3 3
5 3
1 1
2 5
3 4
1 5
5 4
5 5
1 2
5 2
1 4
4 3
5 5
3 5
3 1
3 5
3 3
5 3
1 1
3 5
5 1
3 1
4 3
1 3
2 5
2 3
5 2
5 4
2 3
4 1
2 3
1 5
1 5
3 5
3 4
4 2
2 2
4 3
3 4
5 4
1 3
1 3
3 3
1 5
2 1
2 3
1 4
2 3
3 2
5 4
3 4
5 1
3 4
5 2
1 5
1 1
4 5
5 3
3 2
3 4
1 1
5 3
5 5
4 2
4 4
4 5
2 1
1 3
2 1
1 5
3 1
2 4
3 1
4 2
4 3
2 1
4 2
5 5
3 1
3 4
5 5
5 3
2 2
1 2
5 1
5 1
1 3
3 1
3 2
2 4
1 1
2 3
3 1
4 2
1 5
4 4
3 4
5 5
1 1
3 2
1 1
4 5
3 4
4 4
2 4
5 1
5 4
3 3
2 3
3 2
2 1
2 4
3 3
1 1
5 3
3 5
5 2
4 4
3 1
1 5
5 3
2 3
1 1
5 1
4 5
2 2
5 4
1 1
2 2
5 1
3 4
3 2
2 4
2 5
5 1
2 1
1 5
1 2
2 5
4 4
3 4
5 5
4 2
4 5
2 3
1 5
4 3
4 4
5 1
2 5
3 3
3 4
2 5
3 3
5 1
1 1
4 3
4 5
4 3
3 4
5 5
4 4
1 5
5 2
2 2
5 4
1 2
5 1
1 2
2 5
4 1
4 5
5 2
3 3
2 2
3 5
5 1
5 2
5 5 400
9 10 350
10 15 700
7 12 350
4 13 750
4 7 300
6 4 950
8 8 850
8 4 550
2 8 550
7 11 450
7 5 450
11 6 400
8 8 900
5 6 900
9 4 200
9 7 1000
6 6 900
9 8 650
8 7 350
10 10 100
8 9 850
6 5 300
12 12 850
6 6 800
5 8 550
17 5 900
6 2 400
9 3 700
5 7 600
5 4 800
14 9 900
9 4 700
2 7 1000
11 11 150
6 9 800
12 8 150
2 6 500
4 9 950
10 9 250
11 11 1000
8 6 100
12 11 700
9 10 200
7 11 400
10 14 400
5 7 300
7 7 950
11 5 300
3 5 700
5 11 350
9 9 100
9 11 150
6 5 500
2 5 800
9 12 450
9 8 250
5 12 150
13 8 400
13 5 900
4 12 800
9 9 150
12 5 450
3 5 350
3 5 650
12 6 200
7 9 750
7 8 250
15 8 250
6 6 150
13 10 650
3 3 700
5 6 850
5 6 150
3 5 800
6 8 950
7 6 400
5 6 400
9 9 150
5 4 450
8 12 350
4 5 900
12 12 650
7 7 900
10 8 350
2 4 350
9 14 550
8 3 200
2 5 350
9 7 650
8 4 600
5 2 250
6 9 1000
5 8 700
12 10 200
5 11 850
5 8 350
5 6 950
13 9 700
7 8 300
5 8 600
12 8 200
10 8 950
6 5 600
4 4 200
8 6 200
5 5 650
8 10 250
2 8 100
4 5 1000
8 7 450
8 8 450
5 6 900
5 5 600
2 5 750
9 11 650
11 8 150
7 7 250
11 11 100
3 4 200
8 7 900
6 3 100
9 8 1000
8 8 900
3 8 700
14 16 800
14 12 350
9 5 1000
10 14 200
5 6 500
7 3 700
6 8 300
2 5 1000
2 6 400
9 7 750
5 4 400
6 5 600
8 7 600
11 11 900
3 4 550
10 4 600
7 5 900
6 2 750
7 10 300
8 5 150
8 7 500
9 7 800
2 5 200
7 9 250
8 8 150
12 14 950
10 12 350
6 4 650
9 9 250
7 9 600
15 11 1000
7 4 150
9 10 700
1 6 200
9 9 200
5 1 100
11 7 800
8 9 750
8 5 400
2 5 650
9 6 600
7 5 300
5 7 500
12 11 950
9 12 150
8 8 300
8 2 900
12 8 650
11 10 900
10 9 450
8 9 700
3 2 450
10 6 800
6 9 250
10 9 500
8 8 400
7 8 1000
4 8 500
7 15 250
3 5 600
9 5 900
3 3 850
8 16 950
7 4 400
7 5 450
6 5 700
7 8 900
9 6 150
7 6 900
4 4 750
6 4 950
10 6 800
7 5 650
14 11 500
9 6 850
10 7 650
7 5 200
13 9 650
4 7 650
6 5 750
7 4 550
7 9 250
6 6 450
4 7 200
9 8 400
5 12 550
8 8 600
9 8 1000
8 11 750
4 1 550
11 7 300
9 8 800
10 10 300
8 5 650
8 11 550
14 12 700
7 5 550
8 10 900
12 12 350
13 8 350
8 7 250
17 15 350
3 2 1000
6 13 750
11 8 200
6 8 1000
4 6 1000
5 7 800
5 5 900
9 5 450
10 12 750
3 10 700
7 6 250
3 3 450
9 5 800
11 12 450
10 10 550
5 10 100
8 7 900
6 10 700
5 9 800
6 10 200
4 5 1000
15 14 450
8 5 800
2 4 250
7 5 150
7 8 800
5 10 300
10 9 200
7 11 600
10 9 700
8 6 500
6 13 800
4 5 650
5 7 700
6 9 550
2 7 850
10 7 450
7 9 750
5 5 900
7 6 900
11 9 500
7 6 150
12 8 800
11 12 900
5 8 900
9 6 200
5 5 650
8 11 650
9 12 950
1 7 200
6 2 650
6 13 750
17 18 500
15 7 250
4 17 400
1 2 750
24 18 200
4 2 300
20 10 950
4 7 150
12 5 600
10 11 250
15 16 900
19 13 300
2 20 300
16 3 1000
14 1 1000
7 10 250
10 4 450
3 7 1000
20 1 950
25 8 250
8 10 550
1 19 100
22 1 300
7 1 850
12 23 600
24 20 600
7 11 450
16 20 550
13 17 500
2 3 100
17 6 250
7 15 200
2 9 1000
25 3 400
6 9 500
8 5 950
5 9 850
1 25 450
15 18 750
9 14 500
14 3 1000
23 9 900
8 23 250
9 5 150
2 15 600
25 17 400
20 5 950
11 5 400
17 2 1000
16 25 500
4 9 400
16 13 200
8 20 650
12 6 750
18 8 800
25 8 700
