100 35
2 1
4 1
5 3
4 1
5 4
3 4
1 4
5 5
2 2
5 5
2 4
1 1
1 5
5 4
4 4
5 2
4 2
2 1
4 5
4 1
2 4
3 5
1 2
3 2
4 5
4 2
3 1
3 4
2 1
1 2
2 5
3 1
2 3
3 3
5 1
1 1
5 5
3 5
3 5
1 2
3 1
2 1
5 1
5 2
4 5
4 1
3 1
1 1
4 5
2 1
3 4
3 5
2 3
2 1
1 4
5 4
4 3
5 3
1 4
1 2
5 5
3 3
1 3
5 4
4 5
5 2
2 3
4 2
4 5
5 2
4 4
1 3
1 1
5 2
3 2
3 1
2 5
2 1
1 1
2 1
4 4
4 1
4 1
5 5
2 5
2 2
1 3
5 4
2 3
1 2
4 1
1 2
4 2
4 4
4 3
4 5
2 1
2 3
2 4
4 4
6 3 400
6 6 600
10 5 250
9 9 950
4 4 300
5 6 300
6 7 500
9 10 850
8 10 200
11 9 500
10 6 750
11 4 600
6 8 450
8 11 850
6 7 850
9 10 650
6 6 900
8 7 800
8 5 1000
15 12 100
8 7 650
8 11 700
5 2 550
9 6 200
11 7 800
1 5 1000
9 9 650
6 8 800
7 9 550
5 14 150
23 17 950
11 19 1000
22 25 950
5 1 850
1 16 1000
