1000 346
1 5
5 1
3 4
1 4
4 3
4 4
5 4
2 5
1 2
5 4
5 5
3 1
4 1
4 4
4 3
5 3
2 2
3 3
5 1
3 1
5 1
1 5
1 2
1 4
2 1
2 1
3 4
1 5
5 3
5 3
5 4
2 3
3 3
1 3
1 3
1 5
3 1
1 2
5 2
2 3
4 3
5 3
5 4
2 5
2 5
4 3
1 5
1 1
3 3
5 2
1 1
4 3
3 5
5 2
3 1
2 1
2 5
1 5
4 3
3 3
4 5
5 1
2 5
4 3
3 3
4 4
1 1
4 4
5 5
4 1
1 4
2 2
5 1
1 1
4 5
1 4
4 1
1 3
4 1
3 2
1 5
4 4
1 2
3 3
4 1
4 2
4 2
3 4
4 3
5 2
2 2
5 5
1 1
4 4
5 5
4 1
4 5
3 3
5 2
3 5
1 2
3 3
5 1
4 5
2 2
4 3
2 5
1 4
2 2
2 5
4 5
5 1
5 4
3 2
5 5
1 4
3 4
4 5
5 4
4 2
3 4
1 1
3 2
1 4
4 1
5 2
2 4
5 4
2 3
5 5
3 1
3 2
2 5
5 5
1 3
3 3
2 4
4 4
3 3
1 1
1 2
5 5
3 2
2 4
1 2
5 2
1 3
2 4
4 1
4 1
3 2
5 2
2 4
5 5
4 4
5 4
3 5
5 2
2 5
1 3
4 5
2 1
3 4
4 1
5 2
5 1
1 4
4 1
4 1
4 5
2 4
2 5
2 1
2 4
5 1
5 2
2 1
4 1
4 2
3 1
2 3
1 3
2 4
1 2
5 5
4 1
4 3
4 5
3 4
4 2
4 5
3 4
1 5
3 4
2 3
2 5
4 4
4 4
5 2
2 3
3 1
2 1
4 1
4 5
1 3
5 2
3 2
3 5
3 1
5 5
4 4
2 3
5 2
2 5
3 2
5 1
2 3
3 2
3 5
3 3
4 1
3 5
3 3
2 3
3 2
1 3
4 3
1 3
2 5
4 1
5 1
2 1
4 2
3 5
2 2
3 5
5 4
4 4
3 4
4 5
2 1
5 4
5 5
2 4
1 5
1 5
4 2
4 4
5 3
2 4
1 4
2 4
3 3
3 5
1 5
3 1
2 4
5 3
2 2
1 2
4 5
5 1
5 1
3 1
4 3
1 2
3 5
3 2
1 2
3 3
5 5
3 2
5 4
4 1
1 1
2 2
1 2
4 2
2 4
4 5
2 1
5 1
4 3
4 1
4 1
1 1
4 4
5 3
3 3
3 4
5 5
3 5
1 3
1 5
5 5
2 2
5 1
4 1
4 2
3 4
4 4
3 1
3 4
4 1
2 2
4 2
5 5
2 1
2 1
1 4
5 3
5 3
1 5
1 1
5 4
3 1
4 5
4 1
5 3
5 2
1 2
3 5
1 5
4 2
1 1
2 3
4 2
4 4
4 4
1 3
1 4
2 3
1 3
4 4
1 3
1 3
3 3
5 4
3 5
2 4
3 3
1 1
5 4
5 4
3 5
4 2
5 3
2 2
4 1
3 5
2 1
4 3
4 5
2 2
1 3
4 1
3 1
1 2
2 4
4 3
4 3
4 1
1 5
5 5
4 2
1 1
3 3
2 5
3 1
1 1
4 1
3 1
3 2
5 3
2 5
5 2
2 2
2 4
3 5
5 5
5 1
3 5
4 1
2 1
1 1
5 4
1 5
3 1
4 4
5 1
1 2
2 2
1 3
4 3
5 1
4 4
3 2
2 3
4 4
4 4
1 3
2 1
4 4
3 4
1 4
3 3
4 3
3 5
2 2
5 4
2 2
5 2
2 5
3 1
5 2
4 3
5 1
3 2
3 3
3 5
2 5
5 4
4 2
3 3
5 4
4 2
1 1
5 5
5 3
5 4
5 3
5 2
1 1
2 2
3 1
5 1
3 5
3 4
5 3
4 4
5 4
2 3
2 4
5 1
4 5
2 5
4 4
3 3
4 1
5 1
4 1
1 5
3 1
4 5
5 3
2 3
2 1
1 2
5 5
5 4
3 2
1 2
5 1
3 5
4 2
1 2
4 3
3 2
2 5
5 5
5 3
1 5
3 5
3 5
5 1
1 4
2 3
4 2
5 1
4 1
2 3
2 1
3 3
4 2
1 4
3 5
5 3
4 1
1 5
3 5
4 3
5 3
4 2
3 1
2 5
4 1
5 3
3 5
5 4
2 5
1 4
3 2
1 2
3 3
2 5
4 1
3 4
5 2
2 5
3 1
1 4
5 4
2 3
1 5
5 5
2 4
5 1
2 3
2 3
5 5
5 2
5 4
1 2
2 1
3 5
2 3
3 3
2 1
1 4
5 3
2 1
3 3
4 1
4 4
4 4
5 4
2 1
4 2
3 1
1 2
4 4
3 3
3 3
1 5
3 2
4 2
3 1
2 1
3 5
3 5
2 1
1 4
4 4
4 2
3 2
1 5
3 3
4 4
3 2
3 4
3 3
4 2
4 5
3 2
3 3
3 1
2 1
4 4
4 4
5 5
5 4
3 2
5 4
2 5
1 2
5 5
4 4
1 2
5 3
4 3
5 2
5 5
3 4
4 5
4 1
4 3
3 4
1 2
1 5
3 3
5 2
2 4
5 2
4 3
5 3
1 2
2 1
5 5
5 4
5 4
5 2
2 5
4 3
4 1
4 1
1 3
2 4
2 3
5 5
4 5
1 1
3 1
1 3
4 1
4 1
2 4
3 1
2 5
4 3
1 2
2 2
5 2
2 5
2 5
2 3
4 2
4 1
5 5
3 1
4 5
1 5
4 2
2 5
2 3
3 3
2 5
3 1
3 1
1 3
5 1
3 5
1 1
3 4
5 1
3 2
1 4
3 2
2 4
3 3
3 3
1 3
3 2
5 5
1 5
4 1
1 5
1 4
5 3
4 1
4 2
4 2
5 5
5 4
3 1
4 3
4 2
5 5
4 4
1 1
5 5
2 4
4 1
4 3
5 5
1 2
1 4
4 3
5 4
5 3
4 5
2 2
2 3
1 1
3 5
2 3
3 2
5 2
1 2
1 5
1 5
4 3
4 3
1 1
3 2
1 1
5 5
4 1
4 2
3 2
2 3
4 1
4 2
3 5
1 5
2 4
5 5
5 2
1 2
2 3
5 2
3 4
2 3
1 1
2 3
1 2
5 3
4 2
4 5
4 4
3 2
4 1
5 3
2 1
2 1
5 3
2 1
3 3
4 4
2 1
1 5
1 5
5 5
4 2
4 3
1 2
4 3
2 5
1 2
4 5
5 5
3 1
2 1
3 4
2 5
2 4
3 4
5 5
5 3
1 2
3 3
5 1
2 4
4 5
3 4
3 1
3 2
2 4
2 3
4 1
5 5
1 2
5 4
2 4
2 5
3 5
2 2
5 5
3 3
4 2
2 5
1 4
5 3
2 3
1 4
5 1
5 5
3 5
2 2
5 4
4 3
3 4
3 5
2 2
4 3
2 5
4 4
2 5
5 3
1 1
5 5
4 3
1 2
1 3
1 4
1 4
5 1
5 5
2 1
5 1
1 2
2 2
4 3
3 1
2 3
1 3
3 3
4 2
5 5
2 1
4 5
1 5
4 1
3 1
5 4
3 5
5 1
3 1
1 1
1 5
1 3
5 4
5 3
4 4
2 4
2 5
1 5
2 3
1 2
4 4
4 1
5 4
4 2
4 3
2 1
1 5
3 5
1 2
2 5
5 2
3 1
5 3
5 3
5 5
4 3
5 5
1 2
3 5
4 4
2 4
1 2
1 5
3 5
5 3
3 3
5 4
3 5
2 1
3 3
5 4
5 2
1 4
5 3
5 3
1 3
2 5
4 4
1 5
3 2
4 1
1 1
4 2
4 1
2 2
1 1
3 3
5 5
3 2
5 1
4 2
4 2
1 3
3 3
4 2
3 4
3 3
4 2
1 4
3 5
5 4
3 2
5 5
3 4
3 5
5 1
1 2
4 3
1 1
3 5
4 4
4 4
1 3
2 4
5 4
2 3
1 4
4 2
5 5
2 3
3 1
4 4
2 3
4 5
5 1
2 5
2 1
4 4
3 2
5 2
1 5
3 4
1 5
1 5
1 3
3 1
1 2
4 3
3 4
3 2
3 5
2 1
1 4
4 2
3 1
3 1
3 1
5 3
3 2
5 2
2 5
2 1
3 5
1 2
4 5
3 2
3 2
2 2
1 2
1 2
1 4
1 4
4 5
5 4
2 2
3 4
3 2
5 5
1 5
1 4
3 3
1 2
5 4
1 2
3 3
3 1
4 3
2 1
4 1
3 4
4 1
2 2
5 4
2 2
5 4
4 1
1 3
2 4
5 2
4 2
5 2
3 2
1 2
4 3
4 4
3 4
1 5
2 1
5 2
4 1
4 4
3 4
5 1
2 4
2 2
5 1
1 1
2 3
2 3
2 4
4 3
3 4
2 8 100
7 7 150
14 11 300
7 7 300
6 13 900
5 6 700
9 16 600
12 9 250
7 8 1000
9 8 150
10 10 600
6 6 350
14 7 250
7 7 850
7 4 250
14 7 450
8 5 900
7 11 650
10 7 450
5 2 100
5 5 200
10 7 350
11 9 750
2 5 950
6 7 500
15 6 450
9 12 350
5 8 300
8 10 400
5 4 400
3 9 150
12 6 450
16 9 300
7 2 700
9 13 700
7 8 450
13 10 350
4 7 850
10 5 700
4 4 200
3 4 800
5 9 1000
7 1 400
8 13 100
7 4 200
6 8 250
7 9 700
5 14 350
7 10 700
8 8 900
12 12 800
6 6 500
6 11 1000
7 8 800
5 8 450
4 7 800
4 5 1000
11 13 450
3 5 450
13 7 550
10 11 700
15 7 900
6 6 100
5 4 700
3 5 950
4 3 400
2 5 450
3 8 250
6 8 300
7 5 1000
10 9 400
9 10 500
8 11 950
8 7 200
4 5 250
7 6 850
4 4 550
4 6 950
7 11 850
11 6 300
9 14 600
7 8 350
9 7 1000
6 8 200
4 8 800
10 5 200
8 11 350
11 5 900
6 12 100
7 6 250
3 7 300
4 5 450
7 11 1000
6 7 550
8 11 950
7 8 200
5 5 750
10 4 100
6 11 500
8 8 950
10 14 800
7 8 450
4 4 150
5 5 750
4 6 1000
5 9 200
12 7 1000
7 11 700
12 8 600
5 7 100
8 3 750
11 7 300
8 13 700
2 5 550
5 7 550
4 8 150
7 5 750
4 5 700
8 11 450
9 9 100
9 12 550
11 4 750
11 11 800
5 9 750
7 6 250
5 5 500
9 8 650
6 3 750
7 3 800
6 6 950
8 5 300
9 12 600
4 4 500
4 5 150
3 6 1000
5 5 100
19 9 150
6 5 100
9 10 850
4 3 550
11 7 600
6 7 850
2 7 600
10 6 250
5 5 250
5 9 650
4 6 200
13 7 900
5 10 650
7 8 400
5 12 800
7 7 800
11 15 800
12 9 350
9 7 550
13 8 550
9 7 750
5 10 450
9 9 550
11 5 100
8 7 150
9 5 400
8 6 600
5 5 600
7 8 600
6 2 850
8 12 300
7 6 700
8 11 850
11 13 250
10 10 850
6 6 550
5 6 1000
10 10 100
14 10 950
9 8 150
2 5 700
9 9 950
7 18 150
8 4 700
7 5 200
10 11 500
5 9 1000
11 10 850
7 8 800
7 5 650
9 9 1000
1 6 250
20 10 650
6 8 650
5 4 800
8 7 500
7 7 900
13 10 350
9 14 100
7 8 600
15 12 350
4 11 600
9 5 250
12 4 850
8 9 500
9 8 750
7 2 700
6 5 1000
9 10 600
7 8 850
6 7 950
10 11 850
4 6 350
7 5 350
11 13 400
7 6 100
7 3 150
6 9 250
2 5 300
9 7 250
7 8 850
12 10 700
13 19 500
10 5 800
5 2 500
5 6 850
6 8 650
9 12 150
11 5 250
6 6 200
6 16 100
7 7 900
12 9 100
11 7 700
3 6 200
8 7 500
9 12 550
13 7 750
9 5 750
13 11 850
8 3 700
14 5 700
10 14 100
11 12 350
7 6 300
2 5 900
11 7 150
9 5 450
11 9 500
6 5 100
16 11 350
5 3 850
10 5 700
10 6 550
10 7 150
6 7 250
7 10 400
9 10 150
9 9 200
7 5 650
6 9 800
3 5 800
4 2 900
4 4 250
10 5 650
5 7 200
10 11 300
5 15 600
5 5 750
15 6 550
11 11 500
7 5 600
13 9 500
7 6 100
6 15 250
7 6 900
8 7 300
15 11 750
7 8 950
7 10 600
6 3 350
5 11 400
6 12 300
9 16 750
8 5 350
8 7 100
4 8 450
4 7 950
7 5 900
9 3 950
9 14 200
5 7 100
23 11 350
4 8 900
19 18 300
9 16 650
20 25 100
9 19 200
19 19 850
25 10 700
12 9 600
20 5 900
20 1 250
3 24 450
17 9 900
14 2 800
22 15 1000
11 23 1000
17 15 400
18 4 700
14 23 950
18 20 500
6 20 1000
24 3 100
15 20 800
7 19 700
8 1 650
14 7 100
22 9 100
24 18 300
15 9 100
25 19 650
20 13 100
15 6 450
4 1 300
11 14 100
25 12 850
16 7 150
17 17 400
14 17 550
15 20 600
24 18 450
21 3 850
6 19 400
18 3 500
5 17 900
2 13 950
22 12 600
10 15 1000
4 8 300
4 3 800
23 22 400
4 10 600
2 8 100
14 16 800
13 11 750
20 16 600
4 3 200
16 6 900
16 22 200
