140 48
4 5
3 2
2 3
4 5
1 5
1 2
3 2
2 5
1 1
2 2
3 3
3 4
2 2
2 5
3 4
5 2
1 3
4 5
4 1
3 3
1 5
5 2
4 1
2 4
3 3
2 1
1 3
4 3
1 5
3 2
1 5
1 3
2 5
3 3
4 1
2 3
2 4
2 1
5 2
2 3
4 5
5 4
3 2
5 2
5 2
5 5
4 1
3 3
1 3
3 4
1 3
3 2
5 1
4 2
1 4
2 1
4 1
1 3
2 1
3 2
2 4
5 1
5 1
2 4
4 1
4 4
4 2
4 5
3 5
5 3
2 1
2 3
5 5
1 4
5 4
5 4
4 2
3 2
2 5
3 3
5 5
2 5
1 3
1 5
1 3
2 3
2 4
2 1
5 2
5 2
5 2
5 5
2 5
2 5
2 3
1 4
1 4
2 5
5 4
5 4
2 4
2 5
2 3
5 2
4 4
2 5
5 4
1 3
4 1
3 2
4 1
5 5
4 2
4 3
1 4
2 5
5 1
2 2
4 4
4 4
5 3
5 2
5 4
1 3
4 3
4 2
3 1
4 4
5 3
2 3
5 5
5 2
5 1
1 2
3 4
2 1
1 1
5 2
2 4
1 2
9 7 250
12 8 250
8 9 700
11 10 550
6 8 200
5 5 300
10 9 100
4 5 600
15 11 500
9 6 300
7 7 800
4 8 650
5 8 550
6 5 200
5 5 400
5 7 400
6 10 650
11 12 200
10 7 650
10 6 700
7 7 650
8 9 550
6 10 850
7 10 250
6 5 150
6 3 100
6 10 700
10 9 750
6 4 850
10 7 900
5 2 900
7 8 950
14 8 200
4 7 450
14 6 550
7 12 600
9 12 350
8 7 800
6 6 900
11 5 900
13 3 600
2 25 950
2 8 600
23 6 100
21 13 350
24 4 550
24 4 350
10 13 600
