180 60
1 2
4 4
3 3
2 2
2 2
2 4
2 5
4 4
3 3
1 3
2 3
4 2
5 3
2 3
3 5
2 5
5 5
3 2
2 1
1 3
4 3
4 3
1 4
3 5
1 1
2 4
1 3
1 5
5 4
3 5
2 4
4 2
4 3
2 4
3 4
5 5
3 2
4 5
5 5
1 4
4 5
3 5
4 4
3 1
3 5
5 5
5 2
4 3
4 4
5 3
1 2
5 5
3 5
4 2
1 5
2 5
4 3
5 4
1 3
3 5
2 1
3 3
1 2
2 3
4 5
1 4
4 4
4 5
3 3
4 4
5 3
2 2
3 4
1 3
1 3
1 5
3 2
3 3
1 2
4 1
1 2
3 4
1 3
4 4
4 2
2 5
2 4
2 4
4 2
4 4
5 3
3 1
2 4
2 3
3 1
1 2
3 5
2 3
3 1
4 5
3 4
2 4
3 5
5 5
2 2
4 4
3 1
5 2
5 2
4 3
5 4
3 4
4 3
1 1
3 2
2 5
5 1
4 5
2 4
4 2
2 5
3 1
5 4
4 2
4 5
2 4
5 3
5 4
4 5
1 1
2 1
4 5
4 3
2 2
2 3
5 4
3 4
5 5
5 3
5 2
5 1
1 5
3 3
2 2
3 2
1 5
5 1
3 1
3 3
4 4
2 5
4 1
1 1
2 2
3 5
3 4
1 3
2 2
3 1
2 1
2 3
4 1
5 4
3 4
2 3
3 5
1 4
1 1
3 3
2 4
5 2
4 5
3 5
1 3
4 1
3 1
4 4
2 2
4 5
4 4
8 6 250
7 4 350
14 7 400
9 11 450
10 12 750
6 7 100
6 10 300
3 9 950
15 12 450
10 13 350
9 10 450
5 12 700
9 8 250
8 6 750
7 14 250
9 13 550
8 6 650
3 8 1000
3 4 350
11 9 100
13 10 500
5 9 500
7 9 450
4 2 700
15 12 400
7 4 850
6 4 700
4 12 450
10 9 800
11 11 900
10 9 250
11 11 250
12 11 500
11 10 700
8 9 850
6 6 900
4 7 700
4 6 750
10 14 500
6 9 450
8 11 550
5 9 500
6 5 150
11 9 150
7 8 700
4 5 400
9 3 550
3 7 900
8 9 300
3 3 550
12 12 150
21 15 500
21 20 650
12 6 650
20 6 300
3 25 750
8 10 900
18 4 700
24 3 150
7 21 400
