220 76
4 3
4 4
2 2
1 5
2 1
4 5
1 4
2 5
5 4
2 5
5 4
2 4
2 3
4 4
5 1
3 4
4 5
5 1
4 3
1 4
5 1
3 4
5 2
3 5
4 3
5 2
1 1
1 3
3 5
5 1
3 3
5 3
3 3
4 5
5 4
1 3
1 2
4 2
1 4
3 3
4 5
3 5
5 3
2 5
4 5
5 4
3 3
5 1
5 3
2 4
5 3
3 1
5 2
3 4
3 4
4 3
1 5
4 2
2 5
3 2
5 4
4 4
3 4
1 4
2 3
2 2
1 4
3 5
1 4
3 3
2 2
3 1
5 1
3 3
2 2
1 5
5 3
4 3
1 2
3 4
2 1
5 5
3 5
4 4
5 5
5 5
1 5
5 4
1 3
4 5
5 4
5 2
4 1
4 3
2 2
1 3
3 4
5 1
5 5
2 1
3 3
5 2
2 2
5 3
1 4
2 2
5 4
3 3
3 3
1 3
5 4
1 1
5 1
3 4
4 5
4 1
4 2
4 5
2 2
1 1
2 4
1 4
5 2
2 1
3 4
3 5
3 5
3 4
2 3
3 4
5 4
2 2
3 4
5 3
5 3
4 5
2 3
2 2
1 4
4 4
5 5
1 5
3 5
4 5
5 1
3 3
4 1
5 2
2 1
5 4
3 4
4 1
4 4
1 2
3 3
2 4
2 4
4 4
2 4
4 4
4 5
5 3
3 5
1 5
5 3
3 4
5 3
4 4
4 3
2 5
5 1
1 1
2 2
2 2
4 3
4 2
1 4
4 5
4 2
5 4
5 3
3 5
2 5
5 5
5 3
3 3
4 5
2 2
3 5
1 1
3 5
5 1
1 3
5 1
2 3
4 3
1 3
3 3
5 5
5 3
5 1
5 4
2 3
3 5
5 4
5 1
5 2
1 4
1 5
1 4
1 4
1 5
4 3
3 2
2 2
3 1
3 1
1 5
3 4
5 4
13 14 300
12 11 200
9 7 400
8 4 200
8 8 500
10 6 350
6 3 1000
6 8 250
5 4 600
8 3 900
11 10 300
10 8 600
6 9 200
10 15 250
8 13 750
7 6 900
6 6 250
6 10 1000
4 12 450
8 6 300
4 5 300
12 10 350
6 6 250
3 3 400
5 12 550
10 7 800
3 8 950
10 12 400
7 8 750
8 10 600
8 11 750
8 7 950
8 11 600
6 5 600
7 5 100
3 8 850
12 10 550
10 5 1000
11 7 100
11 10 300
15 11 350
3 5 300
9 11 850
3 7 200
9 14 100
7 7 250
4 4 100
12 6 400
9 9 500
9 8 900
11 10 200
9 5 400
6 7 500
8 10 500
9 11 700
8 11 400
10 8 900
8 2 700
8 11 300
9 4 500
11 9 450
11 12 650
10 9 900
20 24 150
1 8 700
6 20 550
8 13 200
21 4 600
22 21 850
13 16 150
3 15 750
23 8 100
20 19 950
19 23 500
6 2 600
4 15 300
