260 92
5 3
2 5
5 3
3 5
5 5
5 3
4 1
4 2
4 1
4 4
4 4
5 3
1 5
1 1
2 2
2 2
1 2
4 3
5 3
1 4
1 3
3 1
1 4
2 4
2 3
5 2
4 2
4 4
3 1
1 5
2 4
2 1
4 2
1 1
1 1
5 1
3 2
3 5
5 4
4 5
2 5
1 2
5 1
3 4
1 2
5 4
5 3
2 3
2 1
1 1
4 3
4 1
3 1
5 3
5 1
2 4
5 1
1 5
3 5
1 1
5 2
3 5
4 3
5 3
5 1
5 4
1 1
1 1
1 4
4 2
3 5
1 1
2 1
1 5
3 2
1 3
2 5
5 2
5 1
3 5
2 4
4 1
4 3
1 1
3 1
5 1
4 2
3 3
3 3
5 2
4 5
2 4
4 1
1 5
3 1
4 3
1 4
2 2
4 2
5 1
4 5
4 3
5 5
3 4
2 1
1 4
4 4
5 5
3 3
5 3
5 4
5 4
2 1
5 2
4 1
4 2
5 5
4 1
1 4
5 1
4 4
1 4
2 1
1 4
5 5
1 3
5 5
1 3
1 1
5 2
1 2
5 4
3 5
4 3
5 4
5 4
5 3
1 4
5 2
5 3
4 1
4 3
3 3
1 1
1 4
4 3
5 1
5 3
5 4
5 4
4 2
4 3
4 1
1 3
5 5
2 5
1 4
2 3
4 3
5 2
5 2
5 5
1 5
1 5
3 1
4 2
3 5
1 5
4 4
3 2
1 3
1 3
4 2
2 3
5 4
3 2
5 2
4 5
2 4
4 5
4 4
2 2
2 3
5 2
1 3
4 3
1 1
5 1
1 2
5 1
3 1
5 1
3 2
4 3
2 1
5 3
2 2
2 5
1 3
1 1
2 4
3 5
4 1
4 3
1 1
5 2
1 2
4 3
2 2
4 1
4 3
3 5
2 3
5 4
3 4
4 1
2 2
5 3
3 4
4 5
3 4
1 5
2 4
3 3
2 4
4 4
3 4
3 3
1 5
3 1
2 3
2 1
2 2
2 2
3 1
3 4
1 2
1 4
4 4
3 1
2 1
1 3
4 5
1 4
2 4
5 5
3 2
2 4
3 1
4 4
3 3
5 5
1 3
4 5
2 5
1 3
5 3
5 3
4 4
5 5
9 11 750
9 8 800
7 5 750
9 7 850
7 6 350
6 9 100
8 5 700
6 5 900
8 5 750
12 5 1000
4 6 600
6 7 350
10 9 900
6 4 550
6 5 700
6 3 400
4 9 300
2 9 950
7 5 700
6 6 550
4 8 250
13 9 850
14 10 250
3 7 300
8 7 800
2 1 750
7 6 950
11 7 500
9 5 550
6 5 200
8 9 550
6 6 500
4 6 100
13 5 800
6 9 650
9 4 850
4 5 950
11 4 550
9 6 300
1 3 900
15 9 500
10 8 650
5 4 300
16 13 600
9 8 400
10 11 750
11 8 800
5 9 800
7 7 550
3 4 650
10 7 700
7 6 100
2 6 600
8 9 1000
16 13 800
11 11 550
9 6 750
12 12 200
12 6 350
10 11 250
8 16 500
14 10 700
10 9 900
13 6 400
5 8 700
5 6 900
12 10 650
5 2 400
7 9 700
3 8 1000
11 14 150
8 7 950
8 9 400
7 4 150
6 5 600
6 10 100
12 25 900
15 18 600
22 20 900
12 4 650
19 15 650
19 7 700
19 1 600
11 18 300
19 8 650
14 21 300
11 15 900
8 14 300
19 18 300
20 19 400
1 19 200
21 6 950
