400 137
3 2
4 1
5 2
3 5
1 2
2 3
4 4
4 1
4 1
4 3
2 5
4 4
4 3
3 5
2 2
5 4
5 4
2 4
3 5
5 2
5 2
1 4
2 2
4 4
2 2
5 3
4 2
5 5
2 3
5 4
1 2
3 2
3 2
2 1
4 4
2 2
2 1
3 5
2 3
2 1
5 4
5 4
1 2
5 4
3 1
3 4
2 3
3 2
5 3
4 2
3 5
2 1
3 4
5 5
3 2
5 3
2 2
4 2
5 1
5 5
5 3
5 2
3 1
4 4
3 2
4 1
1 5
4 2
5 3
5 3
3 1
4 5
1 5
1 4
5 5
5 5
2 4
3 2
5 4
2 5
2 4
3 4
1 3
1 3
5 1
1 1
4 5
1 2
3 3
1 3
5 1
5 5
5 2
2 2
5 1
4 2
3 1
4 1
2 4
4 5
1 2
3 1
5 2
1 3
1 3
3 1
1 2
2 1
3 2
4 1
3 3
1 3
2 5
3 1
4 5
5 2
1 2
2 1
5 4
3 5
5 2
5 4
5 3
5 3
2 3
3 3
3 3
1 3
5 5
3 5
1 2
2 1
3 4
1 5
1 4
3 4
5 5
1 3
5 1
3 4
1 2
3 3
3 1
4 3
1 2
5 3
4 2
3 1
1 3
4 3
2 1
2 1
1 3
2 4
4 4
1 2
3 2
5 4
4 2
5 1
5 3
3 5
1 1
4 5
4 1
2 1
4 2
3 4
4 1
3 5
3 2
1 1
2 4
5 5
5 5
5 4
1 3
2 5
3 2
3 1
4 5
3 1
2 1
2 1
3 3
4 5
2 1
4 5
5 3
5 5
2 2
4 4
2 2
1 4
2 2
4 2
3 5
4 1
5 3
2 2
2 2
4 3
3 5
1 3
4 5
3 4
5 5
5 5
2 1
3 2
4 2
2 5
3 4
4 4
3 2
5 3
1 5
1 1
4 4
4 1
5 5
5 5
2 2
5 3
3 4
5 1
2 4
3 4
1 4
4 2
5 5
5 2
3 4
3 4
5 1
3 4
2 5
2 4
3 3
3 2
5 2
3 5
5 4
4 2
4 1
2 4
4 3
1 4
3 2
5 1
3 4
4 4
5 4
4 3
5 3
3 5
3 5
3 2
2 2
1 5
4 5
5 4
2 4
2 3
2 1
4 1
2 4
5 5
2 5
2 3
5 5
4 5
5 3
2 5
3 1
5 5
5 1
1 5
1 1
4 2
1 1
4 2
3 5
3 5
3 4
4 2
4 2
2 4
5 3
1 3
4 4
4 4
3 4
1 5
4 2
5 3
5 1
4 3
2 4
2 2
3 4
3 2
5 3
1 2
1 1
5 4
4 1
2 1
3 2
1 2
2 3
3 1
2 5
5 2
5 5
4 5
3 5
1 5
2 1
1 1
2 3
1 5
5 1
5 4
3 4
4 1
4 3
5 4
5 4
3 4
4 1
2 5
2 1
2 3
4 1
5 4
5 4
4 5
1 2
4 5
4 5
4 5
4 3
5 3
1 4
5 1
4 5
4 4
5 5
3 4
5 4
3 3
5 1
4 4
1 3
3 1
2 2
5 3
3 5
3 2
5 4
2 4
4 5
1 2
1 4
2 5
4 1
5 1
4 4
1 5
3 2
5 5
5 3
2 2
2 5
5 4
4 5
3 3
3 3
4 5
1 1
2 1
2 1
4 1
3 3
1 2
3 5
3 3
5 4
5 4
2 1
4 3
4 4
5 3
5 4
1 2
2 3
4 5
2 3
3 2
11 13 650
20 8 200
8 3 650
12 9 200
6 5 550
12 10 850
7 7 400
11 9 100
7 8 250
6 4 100
14 9 850
9 10 200
10 10 350
6 3 450
7 8 150
6 8 200
10 5 750
10 5 750
4 10 150
10 6 700
3 2 750
9 5 1000
6 6 350
3 5 750
8 7 350
4 13 650
2 3 950
7 7 600
6 4 600
8 7 550
6 6 200
8 10 600
12 10 750
8 10 1000
17 9 550
12 11 300
9 12 1000
12 9 200
13 9 550
5 8 900
5 5 300
9 8 450
6 10 100
12 8 850
10 8 350
8 12 950
8 12 150
10 13 650
9 12 800
9 18 650
9 8 900
5 4 500
13 8 600
2 5 100
7 8 750
3 8 750
7 8 700
10 10 150
10 13 150
10 10 150
5 4 400
5 6 1000
8 5 450
12 10 450
9 5 700
10 9 300
3 6 500
5 5 500
8 7 850
8 3 450
9 9 950
5 8 150
8 6 600
5 5 500
7 14 200
6 4 850
8 11 800
3 3 200
5 10 600
6 2 150
7 11 400
6 9 700
9 6 750
13 8 1000
11 13 800
7 10 600
14 9 600
6 6 450
7 7 100
6 1 1000
9 8 900
10 10 700
5 9 800
12 9 150
6 8 800
2 8 300
5 8 500
4 3 300
6 5 400
8 9 550
6 3 300
16 14 150
4 7 1000
8 5 450
7 12 300
9 8 550
7 5 150
5 6 550
7 8 950
5 6 800
8 12 250
9 8 100
7 12 950
4 4 100
2 21 500
3 23 250
19 5 450
3 9 500
6 17 200
3 13 450
24 14 600
19 2 100
8 25 1000
20 1 250
18 6 100
8 17 400
14 10 950
3 3 850
18 8 950
24 15 300
4 13 750
9 15 200
10 17 350
7 16 200
12 3 900
22 17 650
16 12 200
