550 191
2 1
1 2
1 3
3 4
1 5
1 1
4 1
2 5
4 5
4 3
5 1
5 3
4 4
5 3
2 3
1 1
1 1
1 3
3 5
5 1
1 5
1 5
5 1
5 3
4 2
4 1
5 3
2 2
3 2
2 4
1 1
3 4
4 5
1 4
5 4
3 2
1 4
4 3
5 2
2 5
3 3
2 5
5 4
2 5
1 2
3 5
5 5
5 1
1 1
4 2
1 1
3 3
4 1
2 2
2 1
5 2
4 1
4 3
5 3
2 2
2 1
5 2
3 2
4 2
4 1
2 2
3 3
3 1
4 5
4 1
4 3
2 3
2 4
1 3
3 2
1 1
1 1
3 1
3 1
1 5
2 1
1 4
1 4
3 2
2 5
5 3
3 2
3 4
5 4
2 1
5 4
1 5
4 5
5 1
1 1
3 1
2 5
3 2
3 4
2 5
3 5
4 5
4 4
3 1
5 3
3 1
1 4
1 2
1 4
2 5
5 4
4 4
4 5
5 1
1 5
4 5
1 1
5 3
4 3
4 2
1 4
5 3
3 4
3 5
1 3
2 5
3 2
4 3
3 3
2 3
3 5
2 4
2 3
2 5
4 2
3 1
1 5
4 4
4 4
4 2
4 5
2 2
4 5
3 3
3 2
2 3
5 2
2 2
5 2
4 4
2 1
2 5
3 2
4 3
3 1
2 2
4 4
4 3
1 2
1 2
5 1
2 3
5 4
2 1
4 5
4 1
5 4
1 4
5 5
1 3
1 1
5 3
3 2
1 3
4 2
1 5
1 2
2 2
4 5
1 2
2 1
4 2
5 3
2 3
3 1
3 3
4 4
3 2
4 3
3 2
3 2
3 2
5 4
1 4
4 5
2 1
4 1
1 3
3 3
4 5
3 5
3 2
5 2
4 1
2 2
3 4
2 3
3 2
4 5
4 5
5 5
5 2
3 5
5 3
2 4
4 5
3 3
3 3
2 2
3 3
1 4
5 4
5 5
4 4
5 2
5 1
5 3
2 1
3 2
5 2
2 3
3 2
4 3
1 3
3 5
4 1
1 3
4 2
4 2
4 5
5 1
1 3
3 4
5 1
1 3
2 2
5 5
4 2
3 1
4 5
3 5
5 3
1 4
5 3
5 4
2 5
4 3
1 4
1 2
4 2
5 2
2 1
3 2
4 1
1 4
4 2
3 1
4 2
2 4
4 3
1 4
3 5
4 5
2 2
4 1
3 3
3 5
1 2
3 5
1 2
5 1
2 1
2 5
3 1
3 5
2 5
1 5
3 4
1 1
4 4
3 1
2 2
2 1
5 2
3 3
4 5
1 5
1 4
5 4
4 1
4 3
2 2
1 1
3 4
2 4
4 2
1 4
4 3
1 2
3 5
1 2
1 1
5 1
2 3
4 2
3 3
5 1
4 2
5 4
5 2
1 1
5 4
5 1
5 5
1 4
3 2
3 1
5 4
1 4
1 1
1 1
2 3
1 2
3 2
3 3
5 1
3 1
3 1
3 2
4 3
3 3
5 2
4 5
4 1
2 5
1 4
1 5
3 4
1 4
4 4
1 4
3 4
3 4
4 2
5 1
4 4
3 2
2 1
3 1
3 2
5 1
4 2
3 4
1 5
5 3
3 1
4 4
5 4
3 2
2 3
1 3
3 3
2 2
3 5
5 1
3 4
3 4
1 2
4 3
2 3
2 1
1 3
4 5
2 1
1 3
3 1
5 3
1 2
1 4
5 3
2 1
5 1
3 5
3 1
4 4
4 4
4 2
2 2
2 1
2 3
5 2
1 4
3 3
3 2
2 3
3 4
1 1
2 5
5 5
4 3
4 5
3 4
3 2
2 2
4 3
3 3
3 2
4 5
5 2
2 2
4 3
4 3
3 1
5 5
2 3
2 1
4 3
2 2
5 1
2 2
1 1
5 1
5 2
5 2
4 4
5 1
2 5
1 5
3 1
3 1
2 3
4 1
3 5
3 3
1 5
1 3
4 3
3 2
2 2
3 3
2 1
2 4
1 2
2 2
2 4
3 2
3 1
3 5
2 4
4 2
4 4
4 2
1 4
4 3
4 3
4 3
5 4
5 4
4 3
2 2
5 1
5 1
1 1
4 4
3 5
1 1
5 1
1 2
1 4
1 3
5 4
4 5
3 1
4 1
4 3
3 3
2 4
4 3
4 3
2 5
1 2
4 5
4 3
1 4
1 1
2 4
3 2
5 3
1 3
2 4
4 2
2 1
3 5
3 4
1 5
5 3
2 2
4 1
5 3
2 5
4 3
5 2
2 3
4 3
3 2
2 2
5 2
5 2
3 5
5 2
5 5
1 3
3 1
4 1
4 1
5 5
4 2
5 2
3 3
1 2
4 2
3 4
2 4
1 1
2 1
4 2
2 5
5 4
3 4
3 1
5 1
3 5
5 5
2 2
5 1
1 4
2 3
3 1
4 4
2 1
8 7 550
6 7 750
10 14 400
10 6 450
12 11 500
6 5 650
7 4 500
4 7 550
7 6 950
5 11 450
4 3 450
9 9 950
14 11 600
5 9 450
6 8 750
10 4 100
10 9 650
4 11 750
5 4 800
7 6 1000
8 9 750
5 6 100
7 8 1000
9 8 650
8 4 450
7 7 550
4 3 300
9 8 300
3 9 700
8 12 250
9 7 800
5 8 700
6 8 600
8 13 550
12 8 350
6 5 350
4 7 100
5 2 550
6 6 950
4 7 450
4 7 1000
5 5 200
6 4 750
3 6 150
9 7 400
5 6 850
13 12 500
12 6 150
5 2 450
9 8 400
7 9 900
5 4 350
13 12 100
9 8 650
12 8 900
5 7 350
8 9 150
6 11 100
12 7 500
6 1 100
2 10 300
11 8 200
8 4 350
9 10 500
3 6 1000
6 9 550
8 8 700
7 5 650
7 6 950
11 8 500
7 6 450
8 9 750
5 6 400
7 6 1000
9 7 550
5 6 200
4 6 450
10 11 950
6 9 800
7 4 950
4 3 500
7 13 1000
12 8 800
11 8 850
9 8 700
4 11 150
9 5 400
11 5 350
5 5 900
4 3 950
6 11 900
10 13 400
9 10 750
8 9 400
8 4 400
4 4 450
11 5 800
5 5 900
12 6 450
11 5 800
11 8 400
9 10 1000
17 7 850
8 9 350
9 7 600
6 7 250
7 6 200
11 9 550
3 7 500
6 8 550
9 11 600
11 9 350
5 2 750
5 11 650
5 5 900
7 9 600
12 11 700
7 7 400
6 5 350
7 5 850
7 10 450
13 6 750
5 3 250
8 3 350
6 5 650
5 7 250
6 8 650
2 4 450
4 10 250
12 4 850
3 6 350
8 9 800
7 2 450
9 7 500
4 6 850
8 7 800
5 8 700
7 6 300
19 6 400
7 8 900
3 6 900
6 7 550
7 9 300
7 12 500
5 3 400
8 4 400
9 12 850
2 3 550
9 8 500
7 10 800
8 13 850
13 6 250
13 8 250
15 12 800
6 7 600
8 7 400
9 7 100
4 5 150
6 5 550
9 7 250
1 12 750
4 25 900
14 16 850
2 3 850
14 8 850
2 1 900
12 8 950
22 18 800
2 17 500
13 9 250
16 17 100
25 25 300
21 5 450
17 15 1000
1 10 200
23 2 950
25 19 550
16 21 900
15 8 400
21 16 800
9 9 100
3 12 150
13 3 750
8 13 550
14 1 100
17 12 850
9 13 300
4 20 650
12 3 950
16 15 500
8 6 700
