700 249
4 2
1 1
3 4
2 2
2 2
2 3
4 3
4 3
5 3
1 3
3 3
2 3
3 4
5 1
2 5
3 2
5 3
3 2
5 5
5 2
5 2
5 2
3 2
2 4
3 5
2 5
4 4
3 2
2 2
4 1
5 1
5 5
3 2
3 2
3 3
5 1
4 5
5 2
4 4
3 2
3 4
2 2
5 1
4 5
3 2
1 5
3 2
5 5
1 3
2 2
3 2
5 5
1 1
4 3
5 4
5 2
2 1
2 5
3 3
3 2
4 4
2 4
1 4
4 1
5 5
1 3
4 4
3 1
4 4
2 2
3 1
4 1
4 2
4 3
3 4
5 5
4 5
2 1
2 5
5 1
4 1
3 2
4 5
1 2
1 1
5 3
4 3
3 5
1 5
5 1
2 5
2 4
4 2
2 1
5 5
1 1
2 5
4 4
1 5
2 3
4 2
2 2
2 1
5 5
1 2
5 2
3 1
1 3
3 3
1 1
1 4
2 4
4 2
4 4
1 4
1 3
1 1
2 3
4 4
1 5
1 3
3 3
3 2
1 2
3 2
3 3
4 2
4 2
1 3
4 4
2 2
2 2
2 2
3 1
3 2
5 3
4 3
1 5
5 4
2 5
4 5
1 2
4 3
2 4
5 3
2 1
5 4
1 4
3 4
1 5
5 1
1 3
1 3
4 5
2 3
4 1
5 5
5 4
3 1
4 4
1 5
3 3
2 2
1 3
2 3
4 1
2 1
1 1
4 2
3 3
3 3
3 1
1 1
3 3
2 2
4 5
2 3
4 3
2 5
2 5
5 1
1 3
4 5
1 3
3 5
3 4
4 1
2 1
4 2
2 2
1 4
4 5
3 4
4 4
2 5
1 2
1 4
4 2
2 4
1 1
3 2
4 3
1 1
1 5
1 5
4 3
3 3
5 5
3 2
2 5
3 1
4 2
3 2
2 2
4 2
3 4
3 5
1 2
2 1
1 5
5 4
4 1
2 3
4 3
4 1
4 2
2 1
5 2
4 3
5 5
5 1
3 4
5 4
4 2
4 5
1 3
2 4
4 4
1 5
4 1
5 2
2 3
2 2
4 4
4 1
2 3
3 5
3 1
4 2
5 4
2 3
2 1
4 1
3 3
2 5
2 4
2 1
1 3
5 4
3 5
2 1
1 5
1 2
2 5
1 5
2 5
5 1
3 1
4 1
1 3
3 2
5 4
1 4
3 2
4 2
3 5
2 5
4 4
4 3
2 1
1 5
3 2
1 3
2 3
5 3
3 4
3 2
5 5
1 2
3 4
5 2
4 2
4 2
1 1
5 2
5 3
1 5
1 4
3 2
4 3
2 4
2 4
4 1
2 4
1 4
5 3
4 2
4 3
2 1
4 1
3 1
2 4
4 2
4 3
3 2
5 4
4 5
1 2
5 4
4 1
4 5
4 3
5 5
3 1
4 5
5 5
2 3
5 4
1 5
4 5
3 2
4 5
1 3
5 2
1 3
5 2
1 4
2 5
1 5
1 4
1 5
5 3
4 3
4 3
5 1
1 1
5 5
4 4
5 1
1 1
3 2
4 2
2 2
1 3
2 4
4 4
5 5
3 4
1 3
3 5
3 5
3 5
4 1
2 4
1 4
3 4
3 4
2 4
5 1
2 1
5 4
2 3
3 1
2 1
3 1
5 2
5 5
1 5
3 1
1 5
5 3
5 5
1 1
3 2
1 1
4 2
1 5
5 3
4 2
4 2
2 5
2 4
2 1
5 3
3 2
4 2
3 3
2 1
3 4
3 5
1 4
2 3
2 2
4 5
5 4
1 1
1 2
4 4
5 4
5 2
3 3
1 2
5 2
1 4
1 2
3 1
3 2
1 3
2 1
2 2
4 3
1 2
1 2
3 3
3 3
2 1
5 2
1 5
3 1
4 3
2 1
1 4
4 4
5 4
5 3
1 3
1 1
4 1
5 3
3 2
4 3
1 5
1 3
3 1
1 2
1 3
5 4
1 1
1 4
5 5
1 4
4 3
2 4
4 5
1 3
5 3
3 4
1 2
4 5
1 5
2 2
1 2
3 3
2 2
1 3
1 1
1 5
5 3
1 3
4 3
3 1
1 1
2 5
4 4
3 5
1 5
5 1
4 4
3 2
2 1
2 4
2 2
5 5
3 4
3 4
2 1
4 2
1 5
3 3
2 5
1 2
4 2
1 1
3 5
2 4
3 2
1 5
5 2
5 5
4 1
2 1
1 1
5 4
2 1
1 4
3 3
5 1
4 2
3 2
3 5
4 2
3 3
2 3
3 3
4 3
5 4
1 4
3 3
4 1
4 4
3 3
2 2
4 4
2 2
1 4
5 2
2 1
5 5
3 4
2 2
4 4
5 3
2 5
4 2
5 3
5 2
5 1
1 2
1 2
3 2
3 1
4 1
2 3
5 2
3 3
2 2
1 3
2 4
3 4
5 1
2 1
4 1
3 5
4 1
4 1
5 5
5 3
3 1
4 3
4 1
2 2
2 1
5 4
1 3
2 4
3 3
1 2
5 1
2 2
3 4
5 1
3 4
3 4
2 1
2 4
4 2
3 5
1 5
2 5
2 4
3 1
2 3
1 1
4 5
1 5
2 4
2 3
4 1
3 3
3 4
5 5
3 1
5 2
1 2
5 5
5 3
4 2
1 3
3 1
5 1
5 2
1 2
5 2
2 5
1 4
5 2
5 1
5 1
1 2
5 2
2 4
1 4
5 3
2 4
3 4
3 1
4 3
1 4
3 4
3 5
2 4
3 5
2 3
2 2
4 3
5 5
5 1
5 5
1 3
1 1
4 3
1 4
2 4
2 4
2 1
3 1
2 2
4 1
3 1
3 4
4 2
2 3
5 2
4 1
4 3
4 2
4 4
1 3
2 4
2 3
4 1
1 3
1 3
2 2
2 3
3 5
1 3
2 2
4 2
4 5
5 3
1 4
2 2
5 5
5 1
5 2
1 4
5 3
1 3
4 4
3 4
4 4
5 2
2 2
2 2
4 3
3 4
3 1
4 4
2 1
2 1
1 3
4 5
5 1
3 5
5 1
3 4
5 5
2 3
1 5
5 4
4 5
4 4
5 5
2 5
2 3
4 5
4 2
3 2
2 5
9 4 650
7 8 100
4 6 300
12 12 250
7 6 200
8 8 800
11 3 350
11 11 650
16 6 200
9 4 250
17 9 900
7 11 150
7 6 900
4 6 350
8 7 500
4 6 200
11 8 750
10 11 650
6 3 950
6 6 1000
8 7 350
8 5 450
8 7 700
9 4 950
13 12 150
7 13 400
6 8 800
5 3 550
9 8 950
5 9 150
13 8 650
11 13 750
9 7 250
7 5 100
9 6 600
6 3 450
5 7 700
8 6 700
15 8 450
6 12 400
8 7 900
12 14 750
11 9 400
8 8 300
4 12 900
5 3 200
8 6 250
8 12 650
3 6 350
3 1 1000
5 9 1000
8 5 550
5 5 800
9 8 550
7 7 450
7 8 850
5 11 1000
10 5 500
9 8 150
8 8 450
8 8 800
9 13 900
4 8 300
7 3 900
6 3 400
10 8 650
7 5 550
5 9 1000
4 3 350
7 7 200
7 5 900
10 5 750
5 4 350
3 7 950
12 7 150
11 4 1000
3 5 900
11 3 950
5 7 800
5 5 200
8 6 1000
6 5 850
9 3 300
7 4 500
5 4 300
8 4 850
10 10 600
11 12 750
6 5 100
2 3 700
10 12 950
5 3 650
10 7 650
13 7 600
13 7 200
6 6 850
7 6 500
10 7 500
6 13 550
3 3 300
7 10 850
6 8 850
7 9 200
5 6 500
8 10 600
11 16 400
6 18 950
9 12 600
3 7 500
8 7 150
2 5 100
7 8 100
7 9 800
8 9 650
6 13 800
11 11 850
7 13 950
4 8 650
5 1 200
3 4 800
7 7 750
8 9 200
13 4 850
7 9 800
14 9 250
14 7 250
10 6 450
4 9 650
6 4 450
7 10 950
9 10 950
9 12 950
6 5 900
6 9 950
8 6 1000
12 7 300
6 5 1000
11 5 600
9 9 150
4 7 750
10 5 800
7 13 450
8 7 200
6 7 150
5 5 150
4 7 650
5 5 300
15 10 300
6 7 800
7 6 150
8 11 700
6 14 350
9 8 900
4 13 750
9 4 300
3 4 600
9 8 550
6 4 950
11 16 700
2 5 450
5 9 400
7 6 500
7 3 450
10 11 1000
11 6 700
5 5 100
11 6 100
4 6 550
16 4 800
7 7 850
5 4 750
5 7 700
5 5 400
12 9 750
3 2 450
6 5 900
11 13 1000
9 10 750
16 13 200
2 4 900
10 6 550
4 3 300
4 3 200
6 4 950
14 8 500
4 7 200
7 7 950
6 14 250
4 6 250
15 11 500
9 5 200
7 6 950
11 7 850
6 7 1000
14 8 700
7 9 950
3 6 150
13 11 500
2 4 700
3 4 950
5 3 200
10 11 450
6 4 950
6 3 200
5 7 650
13 5 450
3 5 650
2 15 1000
20 3 300
4 2 350
15 19 450
14 18 950
23 1 800
14 2 450
11 1 600
25 22 750
16 24 400
3 13 250
7 13 750
25 25 200
8 23 300
13 13 250
22 7 950
20 20 350
1 22 550
7 2 950
9 3 650
14 13 850
17 1 100
2 3 650
6 13 200
19 12 650
19 20 850
22 11 850
20 13 750
1 14 350
15 18 600
23 25 500
6 5 350
5 25 250
6 22 100
10 25 600
9 20 1000
4 12 700
1 9 350
6 17 750
17 22 350
11 25 950
20 7 250
