850 291
2 2
1 2
5 2
2 2
5 4
5 5
4 2
3 2
1 1
1 1
2 5
4 4
3 2
4 5
1 2
4 5
1 2
4 5
3 3
5 4
3 2
4 1
4 2
5 5
5 2
2 2
3 5
1 5
5 1
2 1
2 5
1 4
2 5
5 5
4 2
2 4
2 3
3 2
4 1
2 2
2 5
3 3
4 5
2 3
4 1
5 4
2 4
2 2
4 1
2 1
4 5
5 5
4 3
4 2
3 5
4 2
5 2
2 4
4 2
3 4
1 3
3 3
5 5
1 3
3 2
2 4
4 4
2 1
3 1
1 3
4 3
3 1
2 4
3 2
4 3
2 3
5 1
3 2
3 5
1 3
3 5
4 1
4 2
4 3
2 3
2 4
1 3
1 4
1 1
5 1
4 5
3 2
1 5
1 3
4 3
5 2
5 3
2 4
5 3
5 3
3 5
1 2
3 5
5 4
5 4
1 2
1 4
2 2
1 5
5 3
4 4
4 1
1 4
5 3
1 1
3 1
3 4
5 2
2 2
4 1
4 2
3 3
4 5
4 5
5 5
5 1
5 4
2 1
4 3
1 3
4 5
3 4
2 1
3 2
3 5
1 2
5 3
5 5
1 2
1 3
5 5
5 1
4 1
5 5
3 2
4 3
4 2
1 3
2 3
3 4
1 3
5 5
5 3
1 3
3 1
2 2
5 2
3 5
3 1
3 4
4 1
4 1
2 4
1 4
2 4
1 4
4 5
4 5
4 1
4 1
2 1
5 1
3 3
2 1
5 4
4 4
5 4
1 3
1 1
4 1
4 2
4 2
5 2
2 1
4 2
2 1
2 4
4 3
1 3
5 1
2 2
3 1
4 2
1 1
4 2
5 5
1 3
4 1
1 5
2 4
3 3
2 4
1 1
3 5
4 1
5 3
4 1
5 5
5 1
2 5
3 1
5 4
1 2
3 3
5 5
4 5
1 4
1 5
5 1
5 4
2 3
1 3
4 3
2 2
1 4
5 1
2 2
2 3
3 2
5 2
3 2
4 4
4 3
3 1
1 5
5 3
5 1
5 4
4 2
3 3
5 3
3 5
5 4
1 5
5 3
4 4
1 1
4 1
2 2
4 1
3 5
5 5
5 2
5 3
5 3
3 1
4 1
1 2
1 4
4 2
1 1
1 2
4 4
3 5
5 3
3 5
1 4
1 5
2 3
3 3
2 3
2 3
5 4
2 1
1 5
4 4
3 2
5 3
2 3
3 2
3 2
2 1
2 1
5 3
3 4
4 3
2 1
5 5
3 4
4 5
4 2
1 5
2 3
4 1
5 5
2 3
2 3
5 5
2 3
3 4
3 3
4 5
5 5
5 2
5 4
5 4
3 3
3 2
5 5
3 3
4 3
5 4
3 5
5 4
4 4
1 5
1 3
4 3
5 2
2 2
3 3
5 3
4 1
4 5
3 4
4 3
2 4
4 5
3 3
2 1
3 2
4 2
4 4
1 3
1 3
3 3
3 1
4 1
1 2
3 3
1 1
3 1
3 3
1 1
1 3
1 2
5 4
1 4
5 1
3 5
3 5
5 3
1 1
3 5
5 3
2 4
1 4
3 5
5 4
3 4
2 2
4 5
1 4
1 1
3 2
2 1
3 2
3 1
5 3
2 1
3 1
2 4
4 4
1 3
4 4
5 1
3 3
4 1
4 5
2 1
3 5
4 4
3 2
1 4
1 5
5 5
5 4
1 2
5 1
4 4
4 1
3 1
1 5
5 4
2 2
4 5
4 1
3 5
5 5
5 5
3 4
3 2
4 1
5 1
4 2
1 1
1 5
5 5
1 2
3 4
4 5
5 4
1 5
4 3
4 5
3 4
3 1
3 5
3 4
5 2
1 2
5 3
3 5
1 5
5 1
4 3
5 2
3 2
2 4
4 4
3 5
5 5
5 4
4 1
3 3
1 1
3 1
3 1
1 3
5 1
2 2
2 4
2 4
4 3
4 3
1 2
4 2
1 3
3 4
3 5
4 4
1 3
5 5
5 2
4 2
1 4
1 1
5 3
2 2
1 2
1 5
5 4
4 1
5 2
1 2
1 4
4 5
2 2
5 4
2 2
4 1
4 4
5 4
4 5
5 5
2 1
1 3
5 1
2 3
1 2
3 4
3 3
2 4
5 5
3 5
1 2
1 4
3 1
4 4
4 4
5 4
2 4
2 1
2 5
1 1
5 1
5 5
4 4
2 2
3 2
4 4
1 3
2 2
1 5
4 2
2 2
1 5
3 4
1 1
3 4
1 2
4 4
2 4
3 3
5 2
3 1
5 2
5 4
2 4
3 4
2 2
3 3
2 5
3 3
1 2
4 1
1 5
5 5
4 5
1 4
4 2
1 4
3 1
4 1
3 3
5 5
2 2
5 5
3 3
1 2
5 4
3 1
2 5
5 3
4 4
5 3
2 1
3 5
4 4
1 1
2 4
2 3
5 1
5 3
1 3
3 3
2 2
1 3
5 2
4 3
3 4
4 2
3 3
2 2
5 2
5 4
5 5
4 1
2 2
1 2
2 1
1 4
4 3
1 5
2 3
5 1
1 1
2 3
3 4
2 5
1 4
2 4
1 5
3 5
1 5
3 4
3 3
1 2
5 2
3 1
1 1
2 4
1 3
2 5
5 3
2 2
4 3
4 1
5 2
5 3
1 5
5 1
5 4
5 3
2 1
3 5
5 5
3 5
1 4
2 1
3 4
1 1
1 3
2 3
4 5
2 2
4 1
3 4
4 3
2 1
4 1
3 1
2 3
5 3
2 3
4 3
3 3
3 5
2 5
1 1
4 3
2 2
2 1
2 4
3 3
3 5
3 5
2 4
3 3
4 1
4 3
3 4
1 4
1 1
1 2
3 2
3 4
4 4
1 3
4 3
2 4
4 1
5 1
5 2
1 4
2 3
3 5
1 1
4 3
4 1
5 3
4 3
3 1
2 3
2 1
4 1
2 4
2 2
1 1
2 2
2 5
1 3
2 2
5 2
1 1
5 1
4 2
2 5
2 3
5 2
3 4
2 1
1 3
3 4
1 4
2 1
1 1
1 1
2 1
3 2
1 5
4 3
3 1
1 3
5 4
4 4
3 4
2 1
5 3
4 5
3 1
2 5
5 2
3 2
5 5
4 4
2 3
4 5
1 3
4 2
1 5
4 2
2 3
2 1
5 1
1 2
3 4
4 3
3 2
4 3
1 1
2 5
3 1
1 1
4 3
5 2
4 2
3 5
5 4
4 5
1 5
4 4
5 1
1 1
2 5
5 3
4 3
3 5
5 2
5 2
5 4
1 2
4 5
1 3
4 5
4 5
1 2
1 4
3 1
4 2
2 5
1 2
2 5
1 1
5 5
5 2
3 5
1 4
2 5
5 1
1 1
4 5
5 3
5 3
5 2
1 5
3 5
1 3
2 5
4 1
3 1
4 4
2 3
3 3
5 1
2 5
5 1
4 1
4 1
3 2
4 2
4 2
2 4
3 3
2 3
4 3
4 3
3 1
2 1
2 5
5 5
5 1
1 1
2 3
3 2
2 1
4 2
2 4
1 4
2 3
2 1
5 5
1 3
2 2
3 5
5 3
3 1
2 3
3 2
4 1
5 1
5 3
5 1
1 5
5 3
4 1
2 5
3 4
3 1
2 1
2 2
4 1
5 3
3 5
1 4
3 3
1 5
1 4
4 4
5 3
1 2
4 5
1 1
2 5
2 1
4 2
2 4
2 5
5 1
1 4
1 4
4 4
4 5
4 1
3 3
1 1
2 2
5 4
4 1
2 4
5 5 900
8 7 100
12 9 450
7 5 750
2 7 800
4 5 550
7 7 300
2 9 650
5 6 700
11 6 500
6 10 550
4 6 600
5 6 950
9 10 750
7 9 950
3 6 550
3 5 1000
10 12 950
9 5 700
7 6 950
12 8 200
5 5 550
11 11 200
4 5 500
8 8 700
7 6 1000
3 3 150
7 5 500
10 8 750
8 4 700
2 3 400
6 13 350
7 5 400
11 8 750
4 2 500
4 6 400
6 11 1000
8 9 850
7 8 500
15 8 150
2 6 800
11 9 100
6 9 850
9 7 100
11 8 1000
8 5 950
4 8 550
11 10 500
4 4 250
9 7 550
10 11 350
5 5 650
10 10 150
7 12 200
12 9 350
14 9 450
9 4 750
10 8 1000
5 8 650
9 10 1000
9 8 1000
9 10 700
17 8 900
8 12 800
8 10 250
11 14 150
3 3 900
5 6 200
5 4 800
2 5 200
5 13 300
12 14 250
4 10 700
6 6 1000
10 7 350
5 2 350
8 7 800
8 6 450
6 5 500
13 11 700
7 9 100
7 5 400
12 11 100
9 8 300
7 6 650
9 4 350
5 7 450
3 5 750
5 5 650
5 8 750
6 12 800
9 8 650
4 7 750
9 7 350
2 4 400
5 6 700
9 9 350
13 15 950
8 8 700
12 13 700
12 6 200
11 13 100
8 8 700
9 10 650
9 6 200
4 11 1000
9 5 850
12 7 750
7 5 450
7 9 350
5 3 400
9 13 500
8 6 100
2 7 150
12 4 900
7 8 350
5 6 750
3 6 850
2 6 250
10 6 500
8 6 850
5 2 600
10 5 400
2 7 600
6 7 150
7 3 500
11 7 150
5 2 400
7 4 750
12 7 700
10 10 250
13 10 650
10 8 1000
7 5 600
7 7 400
4 10 350
8 14 300
2 6 800
4 2 500
6 11 450
6 13 400
9 11 450
15 8 750
5 7 400
6 6 650
7 8 950
5 6 850
9 5 400
6 12 650
14 14 150
4 4 1000
5 5 850
10 9 450
7 8 250
10 3 650
8 8 900
5 6 550
4 6 250
6 9 150
9 9 750
5 5 450
7 6 600
6 4 450
5 6 750
13 8 950
14 15 550
8 15 500
7 2 150
11 7 650
8 8 300
3 6 750
6 4 400
8 11 450
7 7 500
12 6 450
9 5 150
8 8 200
7 7 400
7 4 350
13 6 750
9 5 400
7 5 750
3 4 400
6 6 1000
5 9 200
8 14 800
6 12 750
15 9 200
4 5 600
6 4 250
9 9 300
8 10 850
14 6 450
10 10 950
3 8 600
9 8 800
12 9 850
6 5 450
5 6 750
4 4 100
3 9 950
13 7 750
15 10 450
7 11 550
7 6 1000
12 10 350
8 9 550
9 11 950
12 11 850
10 10 700
5 2 1000
9 7 750
14 12 1000
15 9 800
4 8 750
6 5 950
4 4 800
5 4 600
8 12 700
5 6 800
6 10 200
6 15 100
10 5 700
7 8 300
3 4 850
9 6 450
11 9 800
9 8 300
8 9 900
10 9 300
3 3 800
6 7 850
11 16 900
11 4 1000
12 10 150
5 10 300
11 7 750
5 9 900
8 7 800
9 6 850
7 12 250
10 8 350
24 24 300
15 12 300
4 7 350
18 10 450
5 24 350
25 3 400
4 11 800
8 21 150
15 8 1000
19 8 700
12 13 450
2 22 400
5 19 350
23 21 350
10 3 200
7 12 550
25 22 800
16 2 650
2 2 850
16 21 450
3 22 100
8 20 900
1 18 700
20 8 350
12 13 300
13 24 500
16 9 550
6 18 200
15 20 950
22 20 750
14 11 300
9 10 300
21 7 250
10 17 750
21 18 300
11 22 100
15 10 250
12 12 750
24 11 250
15 20 550
17 23 150
7 24 850
4 7 800
21 13 400
22 11 100
25 8 300
11 2 550
2 4 500
2 12 350
