1000 347
5 2
5 4
2 4
1 5
1 4
2 5
1 2
1 5
3 3
4 4
1 5
4 4
4 1
4 4
4 1
4 3
2 1
5 2
5 4
1 1
1 1
1 3
2 3
2 5
5 4
4 3
2 2
3 5
3 3
1 3
3 3
1 2
1 1
5 2
5 2
3 1
5 4
3 4
3 5
2 5
5 2
5 2
2 1
5 1
4 5
2 3
4 5
3 3
3 1
3 2
5 5
5 2
4 2
3 4
4 1
2 3
1 5
3 1
3 1
3 2
1 2
4 5
4 2
5 1
2 5
5 3
5 3
2 1
3 3
2 4
4 5
1 5
4 4
5 2
4 2
5 1
2 2
5 2
5 2
5 1
1 1
3 1
5 4
1 3
4 1
1 1
3 5
3 1
5 1
5 5
1 1
5 2
2 5
5 3
3 5
3 2
2 3
5 2
4 1
2 2
3 1
1 3
5 2
4 2
1 3
4 4
3 3
1 2
3 1
4 5
4 3
3 5
3 4
1 1
4 5
4 2
4 4
1 3
3 2
4 3
1 1
2 5
3 4
3 3
1 5
4 1
3 1
2 1
1 4
1 5
3 3
1 2
2 5
5 3
4 3
4 2
2 4
2 4
2 4
1 1
2 3
4 2
2 3
4 5
2 1
4 4
2 3
1 3
3 4
5 4
4 3
2 1
5 4
4 1
3 3
2 4
4 4
5 3
1 2
3 3
4 3
1 4
5 1
3 4
5 3
4 4
1 1
3 5
5 4
1 4
1 3
3 3
3 2
1 3
4 4
3 4
2 5
5 4
3 2
3 2
4 5
4 4
3 2
2 1
3 1
4 1
3 4
1 5
3 1
3 5
2 5
1 4
1 4
4 5
2 2
3 1
1 2
5 5
3 4
2 5
2 5
5 4
3 5
3 4
3 2
1 5
4 4
4 2
4 1
3 2
4 4
3 4
1 2
5 2
1 4
3 3
5 5
1 5
3 2
3 5
3 5
1 2
2 5
4 5
2 5
2 2
1 4
4 5
4 5
3 5
4 4
4 1
3 4
2 5
2 2
5 1
5 4
1 1
2 2
2 5
3 3
4 1
4 2
3 5
3 2
4 2
3 1
2 3
1 1
1 4
5 3
5 5
5 3
1 4
4 4
2 5
4 3
5 1
5 2
3 4
5 1
1 5
3 1
3 1
1 1
5 3
3 2
4 3
2 4
3 5
5 4
5 2
2 3
2 3
4 3
3 5
1 3
4 3
1 3
3 1
3 4
3 5
5 4
1 4
3 4
2 3
4 4
3 5
2 1
3 5
2 3
1 4
4 1
5 5
3 5
3 1
4 5
1 2
5 4
5 5
5 5
1 1
5 1
1 3
5 4
5 4
5 5
4 5
3 1
3 5
5 5
1 2
5 1
1 5
5 3
1 4
2 2
1 3
4 3
5 5
3 5
1 2
1 1
3 1
4 3
5 1
5 3
5 4
1 2
1 3
2 4
5 1
4 1
3 5
3 1
2 2
3 3
2 3
5 2
2 3
3 1
5 4
5 2
2 1
2 1
1 3
5 3
3 2
4 1
1 2
2 5
2 4
4 3
1 1
5 4
1 5
4 3
3 1
4 3
4 4
4 3
3 5
3 5
2 2
2 5
4 3
5 5
1 5
3 3
5 2
2 3
1 2
4 1
1 3
4 5
2 2
4 2
1 3
1 4
3 3
4 3
2 2
4 5
2 1
2 4
2 4
3 3
1 2
5 1
2 5
5 4
2 1
2 2
2 5
2 5
1 3
1 4
4 5
2 2
3 1
5 4
2 3
4 5
5 2
4 4
5 5
3 2
2 2
4 1
5 3
1 5
3 5
3 5
1 1
4 5
2 5
5 5
2 2
4 3
4 5
5 1
1 3
4 1
5 1
4 2
1 4
1 2
4 1
4 5
1 4
5 5
2 1
5 1
3 2
1 4
1 3
1 2
1 5
5 4
1 3
1 5
1 5
2 1
1 3
2 3
2 1
2 1
3 5
5 4
1 5
5 4
2 3
3 3
3 1
2 3
4 4
1 3
4 4
3 5
4 3
3 5
2 2
5 4
1 3
2 2
4 5
1 4
1 5
2 3
3 2
3 3
5 3
3 4
3 1
3 5
5 3
3 3
5 3
5 3
1 3
1 5
2 5
2 3
3 2
5 5
1 4
3 2
2 5
1 5
3 1
2 1
3 4
4 1
5 4
4 3
4 2
1 5
1 3
2 1
4 3
3 5
4 5
3 5
4 3
5 1
4 5
5 5
2 1
1 4
2 5
1 4
4 5
5 1
1 3
5 1
3 1
2 1
4 4
1 3
4 5
3 3
1 5
1 3
5 5
2 1
5 1
2 1
5 3
2 1
3 3
1 5
3 3
3 2
3 2
2 5
1 1
5 5
3 2
4 3
3 2
5 5
4 4
4 5
2 4
5 4
3 3
3 1
1 3
2 4
3 4
2 3
4 3
3 2
1 3
4 2
1 3
2 5
3 4
5 3
3 5
4 4
1 2
2 3
2 2
1 4
1 2
4 2
4 1
1 1
4 3
4 2
2 1
1 2
3 4
2 4
3 5
5 2
2 4
5 5
2 3
3 2
4 3
5 2
4 5
3 2
1 1
4 3
4 3
3 4
3 2
2 1
4 2
4 1
1 2
1 5
3 3
5 1
3 3
5 2
3 2
4 1
2 1
2 4
2 3
1 2
1 2
4 3
2 3
1 3
4 1
5 5
3 4
4 4
5 2
4 3
2 5
5 3
1 4
3 5
4 4
4 3
1 5
4 1
5 1
1 2
5 2
4 1
3 5
3 5
3 3
1 4
5 4
3 4
2 3
1 2
2 2
2 2
4 4
2 3
1 4
2 4
3 1
2 5
5 5
1 2
3 4
3 4
1 5
1 2
2 1
2 5
2 5
3 5
2 5
4 5
4 2
4 3
1 2
1 5
5 4
4 3
2 4
3 5
1 5
4 2
5 3
5 3
3 3
5 1
1 5
4 3
2 2
4 4
5 2
1 5
2 1
4 5
5 2
2 5
5 1
4 5
1 3
2 4
5 3
3 5
3 4
4 1
5 3
5 3
5 5
1 1
4 2
1 2
5 1
1 5
4 5
5 1
2 2
3 1
5 5
1 4
1 1
2 2
4 5
1 3
3 1
2 3
5 3
1 5
3 5
1 4
2 3
2 2
2 4
2 3
3 5
2 5
5 1
3 4
2 5
5 1
3 3
4 3
3 5
1 1
3 4
5 5
5 5
2 1
1 5
2 4
3 2
2 5
5 4
5 2
4 4
1 1
1 4
2 5
4 2
2 2
4 3
1 4
1 5
1 5
3 3
2 5
2 3
1 2
4 3
4 2
2 3
5 3
5 1
1 4
3 2
4 5
1 2
1 5
3 1
5 1
2 4
1 5
3 1
3 5
3 3
5 5
4 4
2 4
2 3
3 2
3 2
3 4
4 3
4 4
2 3
1 5
4 1
5 1
1 1
2 1
1 3
2 4
2 4
4 5
1 2
3 5
1 1
2 1
4 3
3 1
3 5
2 5
3 2
3 1
4 5
3 5
4 5
5 5
4 5
2 4
5 4
3 5
4 1
3 3
4 4
4 5
1 5
5 4
3 1
5 3
5 1
5 5
1 5
4 5
3 4
2 1
4 1
2 3
2 1
2 3
3 2
5 2
4 1
2 3
1 4
1 2
4 1
5 2
1 4
2 3
3 5
4 5
1 4
4 3
5 3
5 5
3 2
3 2
4 3
5 3
2 4
4 4
3 3
2 4
3 1
4 3
4 3
5 4
4 4
3 3
3 2
3 4
3 1
3 3
2 3
5 5
1 4
3 5
4 5
5 5
2 1
3 1
3 3
4 4
1 4
3 1
1 1
2 2
4 4
3 2
5 2
3 3
4 4
2 3
2 5
2 2
5 3
2 3
1 4
4 5
4 5
3 2
5 4
2 1
4 1
2 1
2 5
1 4
1 1
5 2
1 3
3 1
1 4
2 4
1 5
1 4
4 5
2 3
5 1
2 5
4 2
5 5
4 5
4 2
3 5
3 1
2 1
1 2
2 3
5 1
3 4
2 5
5 2
2 5
4 3
3 4
2 3
3 1
1 3
4 3
1 1
2 5
1 3
4 5
2 2
5 1
1 4
2 3
2 3
2 3
1 1
2 5
4 3
1 1
5 1
4 1
3 1
2 1
1 5
1 5
5 2
2 2
5 4
1 3
2 2
5 3
5 5
5 4
4 4
4 5
4 1
2 4
1 3
1 1
4 2
4 2
1 2
2 4
3 5
3 1
3 1
3 1
2 5
3 3
3 1
3 5
4 2
5 1
3 4
5 4
4 4
5 3
2 3
4 3
5 2
1 1
5 1
1 3
5 1
3 1
5 1
4 2
3 5
5 3
4 3
2 2
2 4
4 1
3 2
1 2
2 5
2 5
1 3
5 5
2 5
4 4
1 1
5 5
1 2
11 8 550
4 12 800
2 3 600
3 3 150
5 2 100
9 7 100
3 5 700
5 9 100
4 7 200
10 8 650
12 13 550
6 7 850
3 6 900
5 8 800
12 12 350
7 13 850
3 9 500
12 12 300
12 11 200
11 8 500
6 7 550
12 13 750
9 8 750
6 12 950
8 5 350
5 9 1000
7 3 600
8 8 600
4 9 800
4 7 500
8 8 900
7 8 400
8 8 950
5 8 250
7 10 950
7 9 450
10 5 500
5 7 950
5 9 900
2 5 800
8 5 400
7 11 200
9 3 100
6 6 250
9 12 900
4 4 700
10 10 950
5 5 700
8 5 150
2 6 950
10 7 650
6 5 750
14 5 650
9 11 950
11 9 650
8 6 200
8 11 700
8 8 700
3 9 400
12 13 450
7 6 700
5 8 950
3 9 600
5 7 300
5 8 450
8 5 700
5 3 650
5 7 600
11 7 450
7 10 100
6 6 700
6 7 550
6 10 300
15 14 750
12 11 650
10 12 1000
6 5 550
9 16 750
6 5 750
9 2 100
8 7 650
9 8 250
6 6 700
9 9 1000
9 8 300
10 10 550
7 8 450
4 3 650
14 13 200
8 8 400
8 8 600
13 4 100
10 12 800
10 12 150
4 4 100
11 13 850
8 14 900
6 4 100
5 7 550
6 12 450
7 4 500
6 11 950
10 8 350
14 11 900
10 9 150
3 4 900
7 4 250
12 12 150
8 7 500
7 7 250
7 11 100
11 6 150
7 10 700
9 13 800
7 8 950
4 3 500
11 7 750
7 12 950
10 6 700
9 8 750
8 8 700
5 7 600
4 5 950
7 7 400
4 12 250
6 4 200
8 10 650
11 8 450
8 5 600
5 4 450
10 7 700
3 3 700
4 8 750
13 7 950
11 11 200
11 14 900
6 6 100
5 5 650
4 3 450
9 6 450
9 8 750
7 10 1000
5 6 300
2 3 650
6 11 600
8 11 800
11 6 100
5 1 1000
15 11 100
5 5 550
11 7 250
5 4 200
6 6 600
7 4 600
1 7 350
8 6 550
7 7 200
2 4 150
5 8 500
5 6 550
11 11 900
6 9 400
6 4 350
5 6 700
8 6 700
3 2 1000
7 11 550
9 11 550
15 13 300
7 8 1000
10 6 500
6 4 550
8 5 200
6 6 550
7 8 100
8 5 400
8 9 950
5 6 1000
10 8 850
9 8 850
13 9 650
5 5 850
9 11 250
11 7 950
4 6 400
6 3 650
8 8 600
5 4 850
8 10 400
11 9 350
6 3 400
6 2 600
5 7 600
13 9 600
5 3 800
3 6 850
8 6 100
7 6 100
8 13 350
8 8 250
10 8 150
5 12 600
6 11 150
8 10 250
10 9 550
2 5 850
13 6 900
3 9 250
12 4 1000
11 9 450
8 15 800
4 4 600
10 9 400
6 10 850
6 10 650
8 10 600
12 8 400
6 10 350
8 9 600
4 9 200
2 5 250
7 9 650
9 10 600
5 9 750
7 6 150
6 6 550
6 15 450
6 10 900
12 13 350
10 7 100
10 12 700
7 6 850
5 4 200
7 2 400
5 7 950
13 13 200
7 3 100
11 8 800
5 9 550
8 5 650
5 6 950
10 9 750
10 5 350
10 11 850
7 5 300
11 9 700
8 8 450
4 4 900
14 11 400
6 11 500
15 8 150
6 6 900
11 9 950
5 7 850
9 7 800
10 6 300
5 6 1000
7 13 350
12 8 150
3 3 550
11 11 550
10 8 400
3 4 100
4 12 450
5 12 100
6 4 850
4 8 300
6 5 1000
5 4 250
3 6 250
9 7 200
10 13 350
5 8 250
6 13 650
5 5 950
9 11 400
10 6 550
5 5 500
7 12 700
3 9 200
6 5 250
8 9 450
4 6 300
7 14 950
6 12 600
11 8 400
11 9 150
11 11 500
3 3 1000
4 8 500
20 8 850
22 16 550
5 3 650
14 2 100
22 12 600
23 16 250
19 23 400
4 23 600
6 20 500
13 18 700
15 8 600
4 20 250
20 6 600
17 18 800
6 19 150
7 25 950
3 1 400
16 21 700
25 11 350
16 17 100
6 11 550
14 20 700
23 2 150
16 13 1000
12 8 850
25 11 450
5 25 800
23 9 800
13 12 600
16 6 550
15 10 650
5 19 950
20 2 850
12 4 450
6 21 650
23 9 150
6 16 800
7 15 450
1 7 900
18 7 350
5 12 400
21 10 1000
1 22 1000
1 20 500
19 1 650
12 24 400
15 17 750
24 5 600
2 13 100
20 25 700
12 3 400
12 25 700
7 22 1000
6 23 200
25 19 550
6 15 550
24 8 100
